0 0.972001721992364 0.06756788013203938 0.05530566534054486 0.05376134667409056
1 0.7141619499920459 0.06691171009704099 0.08077838001272664 0.09467724801081767
1 0.6118272906588185 0.06493958274981436 0.07309314934754489 0.10552384134309045
1 0.44094153130968294 0.1793731580601336 0.08926358935390813 0.15258065467854492
1 0.4754523439688196 0.23525098806490613 0.10516130935708982 0.17619996801399934
0 0.08343701929504721 0.2830403140117722 0.10670562802354437 0.1746556493475448
0 0.20603981997931914 0.15476186736154415 0.09396927068745357 0.15419769867918126
0 0.2239972899427299 0.42453856536440765 0.12094994135899881 0.19044428134945388
0 0.352660828652137 0.11114932204804324 0.10198176535645347 0.17147610534690844
0 0.8530286199077315 0.6897054147835401 0.28336122406108827 0.4532362773710892
0 0.7637159599777283 0.17297135343726794 0.10666926535645356 0.1715306493475448
0 0.677823913311592 0.16806513009226848 0.11172039202736243 0.20283519334818112
0 0.5180018286123661 0.40608165607095126 0.12280334269572588 0.21546246268299923