0 0.9641034066158582 0.040625 0.07179318676828358 0.053125
1 0.6963982770291672 0.05234375 0.07710792154477701 0.09375
1 0.5940772529268663 0.05625 0.06934087334017516 0.1015625
1 0.4291658461146162 0.17890625 0.08367608411256366 0.1484375
1 0.466979463502863 0.2328125 0.09787493949875792 0.171875
0 0.07830330376374679 0.29921875 0.10099993949875796 0.171875
0 0.19392778288289966 0.16484375 0.08838176483072288 0.1515625
0 0.2267413246445939 0.43359375 0.1151442527304745 0.1859375
0 0.3373823462128121 0.1140625 0.09472266842151908 0.1671875
0 0.8677107165279251 0.66953125 0.2645785669441498 0.4421875
0 0.7516948310875016 0.15703125 0.10097266842151917 0.1671875
0 0.6649715359079618 0.15625 0.10428856596219091 0.2
0 0.5179612222834618 0.4015625 0.11372719847574828 0.2109375