0 0.0875 0.5296875 0.175 0.33125
0 0.1828125 0.6078125 0.175 0.2890625
0 0.08203125 0.2875 0.1640625 0.246875
0 0.2234375 0.21015625 0.1609375 0.246875
0 0.37734375 0.57109375 0.1890625 0.284375
0 0.45234375 0.46953125 0.1609375 0.2609375
0 0.478125 0.1890625 0.1359375 0.225
0 0.55546875 0.17265625 0.11875 0.1734375
0 0.6421875 0.5234375 0.1734375 0.259375
0 0.6375 0.14921875 0.1125 0.178125
0 0.75546875 0.128125 0.1421875 0.221875
0 0.8921875 0.11328125 0.153125 0.2265625
0 0.8421875 0.4296875 0.165625 0.2390625