0 0.8976431353422278 0.43462588388829937 0.2047137293155444 0.35276242739850955
0 0.8031634449597069 0.5390957361512357 0.17990671037960518 0.30728630093507636
0 0.845599367191855 0.17868041091746661 0.19057149960721667 0.2604749334486337
0 0.6695454064194666 0.13282807631392363 0.16557149960721648 0.26032948770335984
0 0.5922532160369458 0.5450104346269841 0.19549534894328674 0.30112720452587266
0 0.49016802038986784 0.4557575579671592 0.1656714935570923 0.27751698770335975
0 0.3986561894987579 0.1695615036142373 0.13888173458010195 0.23829995159900635
0 0.3127141443192182 0.16928022336361628 0.12137607201231529 0.18351245764913057
0 0.30403105337096337 0.5568438558771736 0.17815331283893307 0.27446471057599686
0 0.22283403288289966 0.1635529190106943 0.11672493344863373 0.1897351865718917
0 0.09395050878059871 0.16820912363476276 0.14667605386194266 0.23522040339440445
0 0.013513575037377375 0.17414602712736307 0.02640900565734075 0.24233294574527386
0 0.07949868598271653 0.5042420724050987 0.15459763817089806 0.2540158551898026