1 0.8639421319621381 0.2889968901177219 0.1242749360279987 0.2076681440165447
0 0.10290627665500054 0.08714655868077208 0.06644316000954502 0.07107611600890866
0 0.06300688796945594 0.5781073660089087 0.1260137759389119 0.2562147320178173
0 0.05334262866009121 0.21468975600731785 0.10668525732018241 0.23562951201463572
0 0.18517333664863717 0.13498516935868066 0.11144767202418074 0.17939769334818112
0 0.32856715861713864 0.36871637404517976 0.12914424936345315 0.22334768801718105
0 0.2822574219844098 0.11814366203849822 0.10992153469127164 0.18250451201463572
0 0.44738298265436416 0.09584304272754265 0.11604426535645355 0.1716397373488175
0 0.6859278619907732 0.07595944609322298 0.1062692760184536 0.13715564934754482
0 0.4725813352960017 0.28053621606458795 0.11648061736154425 0.20913973734881744
0 0.49388088657704954 0.6659924580680878 0.1308522000318167 0.23586586935072643
0 0.4503843305617776 0.7780015620623608 0.14972946936663475 0.24702154535327167
0 0.6655451592139146 0.8875509267584049 0.14153516136218053 0.2141181386855447
0 0.9590053525620957 0.781575836131403 0.06708060136854392 0.2601204346753633
0 0.853247343252731 0.6037588241167674 0.10547039202736244 0.20276246801399936
0 0.9031558892425497 0.6793497174569942 0.1276362933640897 0.2280170066836355
0 0.8922591306492735 0.1385247227879944 0.11782494135899882 0.19040791868236293
0 0.6938199886219112 0.3378054654280411 0.1368840240292714 0.21718859468490823