1 0.12501653930618306 0.19851822131604627 0.14324311203054405 0.22663632001909004
0 0.9380041512571854 0.5499468838717786 0.1141010520369072 0.27316587468172654
0 0.9657233553071375 0.18170541386859695 0.06662606802990752 0.22105793467536322
0 0.8541233313176371 0.10567071988386897 0.11239200668363551 0.12629087468172656
0 0.6900046452896383 0.3138024879058225 0.14969310669954403 0.24389654535327185
0 0.7528153699872733 0.08497750656432289 0.11079314401654461 0.12314769334818114
0 0.5774522906588185 0.054785307964683436 0.11697041868236298 0.10957061592936687
0 0.32621705466263656 0.028096633314773585 0.10694089067472685 0.05619326662954717
0 0.5435665446371832 0.21083312392586703 0.13386811203054413 0.22652723201781733
0 0.49035644458150396 0.6215529952657759 0.1514010573679075 0.2564147266868172
0 0.5279826192314138 0.7445359619271397 0.1718590080362711 0.2691510840229082
0 0.28769287921709624 0.8527864559595928 0.16213856269890758 0.2393544960216353
0 0.013006340627001825 0.7209028459977729 0.02601268125400365 0.27381930800445425
0 0.11172346192713971 0.5353460593173189 0.12283970536281683 0.21858746268299925
0 0.06276143996659245 0.6140801339910913 0.1255228799331849 0.24683973201781734
0 0.1187221806572277 0.06915853266231839 0.11255563868554459 0.13831706532463678
0 0.3031864452975926 0.25971770862509286 0.15587038136536221 0.23771927068745358