0 0.28715560811666874 0.209375 0.03154089149054773 0.05
1 0.9118526437300429 0.56015625 0.03787270472226432 0.0640625
1 0.860671938811387 0.62578125 0.036301114363184436 0.0625
0 0.9934419695529872 0.46328125 0.013116060894025594 0.0640625
0 0.8894049511080271 0.46171875 0.05038179508134384 0.065625
0 0.9463589330558502 0.4484375 0.03784543364502539 0.059375
0 0.9165158551898026 0.153125 0.033085210772388504 0.046875
0 0.9205902768327754 0.18203125 0.029969301131468028 0.0484375
0 0.84354248438371 0.3671875 0.03471134328594587 0.0578125
0 0.8809743066906129 0.35546875 0.03784543364502539 0.059375
0 0.7606931020665446 0.2265625 0.029951120413308985 0.0453125
0 0.7851663821207738 0.2703125 0.03154998184962743 0.0515625
1 0.8687874031980126 0.275 0.03470225292686635 0.05625
1 0.7935737797596417 0.23828125 0.029978391490547908 0.05
1 0.7430379694547914 0.28046875 0.03311248184962743 0.0515625
1 0.704647635145836 0.26171875 0.03466589149054773 0.05
1 0.6599436683233233 0.23203125 0.030032933645025395 0.059375
0 0.7522771349494443 0.39140625 0.03784543364502539 0.059375
0 0.6669345325883121 0.359375 0.03943520472226432 0.0640625
0 0.6376101260706497 0.2875 0.03627384328594587 0.0578125
0 0.6800516352440319 0.196875 0.03311248184962743 0.0515625
0 0.7390766564194665 0.13671875 0.026798849336070064 0.040625
0 0.7037840510332722 0.11328125 0.028388620413308984 0.0453125
0 0.6825084938516799 0.08203125 0.025254530054229462 0.04375
0 0.6344704487703361 0.01640625 0.025190897540672098 0.0328125
0 0.6440318011314681 0.0484375 0.025236349336070062 0.040625
0 0.6050374788245654 0.06015625 0.026826120413308986 0.0453125
1 0.5943863251355732 0.109375 0.026817030054229286 0.04375
0 0.6035027707826514 0.19921875 0.03153180113146803 0.0484375
0 0.5646488281606354 0.10078125 0.028388620413308984 0.0453125
0 0.5760630511314682 0.0484375 0.026807939695149587 0.0421875
0 0.5368096535907962 0.015625 0.023619307181592396 0.03125
0 0.5206852047222643 0.0640625 0.023646578258831142 0.0359375
0 0.4855744065176625 0.071875 0.023601126463433174 0.028125
0 0.4976704064194665 0.13671875 0.029942030054229286 0.04375
0 0.5864748729473916 0.3609375 0.04259656615858276 0.0703125
0 0.448116354895215 0.34765625 0.034720433645025396 0.059375
0 0.4400084182251273 0.296875 0.033148843285945875 0.0578125
0 0.49354650868240285 0.23359375 0.03313066256778665 0.0546875
0 0.5456226139704012 0.321875 0.042542024004105096 0.0609375
0 0.5224260084860111 0.36328125 0.03786361436318479 0.0625
0 0.469373731358648 0.37578125 0.04102497579950324 0.06875
0 0.336633954231285 0.38828125 0.03785452400410509 0.0609375
0 0.3999197494108248 0.3890625 0.04419542759490121 0.0765625
0 0.368142508584207 0.2984375 0.033157933645025485 0.059375
1 0.3509726684215191 0.1671875 0.029969301131468208 0.0484375
1 0.3195635871376258 0.13984375 0.025263620413308985 0.0453125
0 0.44780169574527395 0.025 0.025263620413308985 0.0453125
0 0.4537204185197149 0.10234375 0.026826120413308986 0.0453125
0 0.4206579336450254 0.059375 0.026826120413308986 0.0453125
0 0.35598235528799843 0.08828125 0.028388620413308984 0.0453125
0 0.3722027738077133 0.190625 0.029969301131468208 0.0484375
0 0.3594749939498758 0.0171875 0.026717036104353477 0.0265625
0 0.32229770169720223 0.07265625 0.023655668617910842 0.0375
0 0.29503121974937896 0.0859375 0.028379530054229284 0.04375
0 0.28415280708339646 0.09609375 0.026817030054229286 0.04375
0 0.21888181020665448 0.02265625 0.025163626463433175 0.028125
0 0.2608062106741927 0.11171875 0.028379530054229284 0.04375
0 0.11826873184962738 0.0515625 0.025245439695149675 0.0421875
0 0.1692136083130605 0.0796875 0.028397710772388507 0.046875
0 0.19357325887879456 0.10390625 0.02676248789975162 0.034375
1 0.2555556292921035 0.14921875 0.02521816861791084 0.0375
1 0.14668916851971497 0.10234375 0.023637487899751574 0.034375
1 0.02445964451560987 0.04140625 0.02524543969514968 0.0421875
0 0.0573903191836449 0.06171875 0.028370439695149675 0.0421875
0 0.09187440349260032 0.08046875 0.03152271077238853 0.046875
0 0.1205675509350764 0.178125 0.029951120413308895 0.0453125
0 0.16664766539645698 0.17578125 0.02996021077238851 0.046875
0 0.22095389119596015 0.24453125 0.03313066256778665 0.0546875
0 0.13963571350286305 0.2328125 0.03153180113146812 0.0484375
0 0.0651942497054124 0.19453125 0.029996572208706995 0.053125
0 0.010819846212812094 0.1140625 0.020639752926866237 0.05625
0 0.037850499705412405 0.19453125 0.03466589149054776 0.05
0 0.08916353571157004 0.2859375 0.023655668617910817 0.0375
0 0.12147204166349838 0.33359375 0.037818162567786605 0.0546875
0 0.14702603268650793 0.29453125 0.03311248184962738 0.0515625
0 0.1854345477136226 0.31640625 0.040970433645025485 0.059375
0 0.013124252239495187 0.51015625 0.02070338544042356 0.0671875
0 0.0738294272021178 0.3359375 0.03784543364502548 0.059375
0 0.08854188787631048 0.44765625 0.03945338544042358 0.0671875
0 0.10828221613514169 0.48359375 0.045730656517662414 0.071875
0 0.26644417407885984 0.409375 0.042551114363184706 0.0625
0 0.3118612132082754 0.42734375 0.04260565651766246 0.071875
0 0.2870884721852659 0.46640625 0.04418633723582168 0.075
0 0.6487208637740095 0.4515625 0.05042724687674198 0.0734375
0 0.5829504180287357 0.4265625 0.044149975799503235 0.06875
0 0.5159083637740095 0.4515625 0.050454517953980905 0.078125
0 0.5609577642415478 0.540625 0.047311337235821684 0.075
0 0.11709815905174518 0.3875 0.03784543364502548 0.059375
0 0.4139645895735127 0.5203125 0.052044289031219645 0.0828125
0 0.5432526346548567 0.5859375 0.05516019867214013 0.08125
0 0.9500526013791735 0.68046875 0.06768746974937905 0.0859375
0 0.11968943227028336 0.9671875 0.06600679508134392 0.065625
0 0.286757194959707 0.54375 0.048873837235821685 0.075
0 0.3149594630118837 0.55703125 0.05360678903121974 0.0828125
0 0.06336514675510505 0.5515625 0.04575792759490127 0.0765625
0 0.06535943881138691 0.62578125 0.06307269262201591 0.0984375
0 0.07342698974646332 0.80390625 0.05053633118569745 0.0921875
0 0.11257130297817988 0.81796875 0.06154655405833438 0.1046875
0 0.2741224022160541 0.9234375 0.06783291549465283 0.1109375
0 0.37282754692805564 0.83515625 0.059947692622015936 0.0984375
0 0.4184758693331544 0.75859375 0.05834883118569749 0.0921875
0 0.4800996914436656 0.8765625 0.06304542154477702 0.09375
0 0.5679127879510653 0.79609375 0.04104315651766246 0.071875
0 0.6218468299091512 0.93515625 0.06933178298109546 0.1
0 0.7867451220636289 0.94453125 0.05990224082661797 0.090625
0 0.644238417734148 0.62109375 0.05040906615858276 0.0703125
0 0.7337185533709633 0.55859375 0.04572156615858276 0.0703125
0 0.7581781978865733 0.6 0.0535886083130606 0.0796875
0 0.6423491856881289 0.69921875 0.04260565651766228 0.071875
0 0.6158230471244475 0.70546875 0.04736587939029935 0.084375
0 0.6990355229239505 0.77421875 0.05989315046753827 0.0890625