0 0.26299140027114654 0.21875 0.03311248184962743 0.0515625
1 0.899897544393973 0.51953125 0.04256929508134384 0.065625
1 0.854989565373016 0.5890625 0.03943520472226432 0.0640625
0 0.9821191710537978 0.41796875 0.03475679508134384 0.065625
0 0.8712225776696559 0.425 0.05507838544042372 0.0671875
0 0.9265958788993199 0.40859375 0.040970433645025395 0.059375
0 0.8772624576491307 0.1203125 0.036219301131468026 0.0484375
0 0.8828902889330237 0.14765625 0.03310339149054755 0.05
0 0.819918632022578 0.33515625 0.03783634328594587 0.0578125
0 0.8565555687908614 0.32109375 0.040970433645025395 0.059375
0 0.7293022015008105 0.20234375 0.033085210772388504 0.046875
0 0.7561055960164204 0.24375 0.03468407220870695 0.053125
1 0.8389180960164204 0.24375 0.03782725292686635 0.05625
1 0.7621692436552883 0.21171875 0.03311248184962743 0.0515625
1 0.7163391140685971 0.25703125 0.03468407220870695 0.053125
1 0.6763999152982612 0.240625 0.036237481849627426 0.0515625
1 0.6301607195529872 0.215625 0.033157933645025395 0.059375
0 0.7325913488450907 0.36484375 0.040979524004105095 0.0609375
0 0.6457226079202771 0.3390625 0.044131795081343836 0.065625
0 0.6117334273003137 0.27109375 0.03940793364502539 0.059375
0 0.6479158461146162 0.17890625 0.03468407220870695 0.053125
0 0.7014539365718917 0.115625 0.029932939695149586 0.0421875
0 0.6646170119038567 0.0953125 0.029951120413308985 0.0453125
0 0.6425738402608838 0.06640625 0.028379530054229284 0.04375
0 0.5906886325135574 0.0109375 0.028252265027114733 0.021875
0 0.6025528282588313 0.0359375 0.02836134933607006 0.040625
0 0.5643579366700876 0.05078125 0.029951120413308985 0.0453125
1 0.5576084878015557 0.09921875 0.029942030054229286 0.04375
0 0.5729612979100143 0.18671875 0.034665891490547905 0.05
0 0.5286613311856975 0.0921875 0.03152271077238851 0.046875
0 0.5353971445156098 0.04140625 0.029932939695149586 0.0421875
0 0.4953897680521767 0.01328125 0.025154536104353475 0.0265625
0 0.4815954336450255 0.059375 0.02678066861791084 0.0375
0 0.44806531615858275 0.0703125 0.025172716822512698 0.0296875
0 0.4648306353422277 0.13203125 0.033067030054229285 0.04375
0 0.5668618097156751 0.346875 0.04572156615858276 0.0703125
0 0.43090612899751585 0.34375 0.03784543364502539 0.059375
0 0.41890103268650797 0.29453125 0.03627384328594587 0.0578125
0 0.4669521924256242 0.228125 0.03625566256778665 0.0546875
0 0.5244697766363837 0.31171875 0.04567611436318479 0.0625
0 0.5044027163315334 0.35390625 0.040997704722264314 0.0640625
0 0.4529356651018694 0.3703125 0.044149975799503235 0.06875
0 0.3233663397699044 0.390625 0.040988614363184704 0.0625
0 0.3858481590517452 0.3875 0.048892017953980904 0.078125
0 0.3478390989432866 0.3 0.03628293364502548 0.059375
1 0.32210277985783753 0.1734375 0.03154089149054773 0.05
1 0.28992608411256365 0.1484375 0.028397710772388507 0.046875
0 0.40875283128389334 0.02734375 0.028370439695149584 0.0421875
0 0.41934087334017517 0.1015625 0.02996021077238851 0.046875
0 0.3839573643631847 0.0625 0.029951120413308895 0.0453125
0 0.3224295119038567 0.0953125 0.03152271077238851 0.046875
0 0.3456629997054124 0.19453125 0.03153180113146812 0.0484375
0 0.3204715812838933 0.02734375 0.026707945745273954 0.025
0 0.28797724385167994 0.08203125 0.02678066861791084 0.0375
0 0.26228235226293634 0.096875 0.03151362041330898 0.0453125
0 0.2521897347764936 0.1078125 0.029942030054229286 0.04375
0 0.18383464451560988 0.04140625 0.025136355386194253 0.0234375
0 0.23041927390590922 0.12578125 0.029942030054229286 0.04375
0 0.08559258723582165 0.075 0.028370439695149675 0.0421875
0 0.13808178298109555 0.1 0.029969301131468118 0.0484375
0 0.16320904800821018 0.121875 0.02833407825883123 0.0359375
1 0.22749880698520064 0.1609375 0.028343168617910842 0.0375
1 0.11790109318775 0.12265625 0.02520907825883123 0.0359375
1 0.003538611338122607 0.07109375 0.006495439695149678 0.0421875
0 0.027080650467538214 0.0890625 0.031495439695149674 0.0421875
0 0.0615510992378742 0.10546875 0.03309430113146814 0.0484375
0 0.09725277078265125 0.19921875 0.03152271077238853 0.046875
0 0.14175220452587262 0.19375 0.03153180113146812 0.0484375
0 0.20072320442767672 0.25859375 0.03626475292686626 0.05625
0 0.11943229781181845 0.2515625 0.03466589149054777 0.05
0 0.04346015027114648 0.21875 0.03313066256778663 0.0546875
0 0.01769253580976591 0.22109375 0.03311248184962738 0.0515625
0 0.0736658007386847 0.3078125 0.02678975897699045 0.0390625
0 0.10829533079291398 0.3515625 0.039389752926866264 0.05625
0 0.1307152314568439 0.3109375 0.03624657220870704 0.053125
0 0.16989136094533913 0.33046875 0.04409543364502548 0.059375
0 0.014818562446149644 0.5328125 0.023837475799503176 0.06875
0 0.06223794222923246 0.3578125 0.042542024004105096 0.0609375
0 0.0847492673648057 0.4671875 0.04258747579950319 0.06875
0 0.10603391490547767 0.5 0.04886474687674203 0.0734375
0 0.25554758069471817 0.41640625 0.04568520472226432 0.0640625
0 0.3017231439264346 0.43046875 0.047302246876741984 0.0734375
0 0.28086574326250474 0.47109375 0.04732042759490129 0.0765625
0 0.6345447342855144 0.43203125 0.055123837235821684 0.075
0 0.5688061047970191 0.4125 0.04727497579950324 0.06875
0 0.5033447312604522 0.440625 0.0551511083130606 0.0796875
0 0.5538356106507516 0.525 0.050445427594901206 0.0765625
0 0.10782769818116081 0.40546875 0.040979524004105095 0.0609375
0 0.4076873184962738 0.515625 0.05673178903121982 0.0828125
0 0.5408270714231401 0.571875 0.059856789031219645 0.0828125
0 0.9458872761454045 0.6359375 0.07083065046753809 0.0890625
0 0.15095306780890277 0.96953125 0.0722295240041051 0.0609375
0 0.2852128756778662 0.546875 0.05357042759490129 0.0765625
0 0.31418730337096334 0.55859375 0.05830337939029935 0.084375
0 0.06659468588452067 0.56953125 0.050463608313060515 0.0796875
0 0.07404863758172289 0.6421875 0.06776928298109555 0.1
0 0.09460255297817988 0.81796875 0.055223831185697445 0.0921875
0 0.1321616403121974 0.828125 0.06780564441741399 0.10625
0 0.29910876667743463 0.92109375 0.07409200585373252 0.1125
0 0.3899741403121974 0.828125 0.06620678298109554 0.1
0 0.4301400771786767 0.74921875 0.06304542154477702 0.09375
0 0.4979729926733295 0.86015625 0.06774201190385654 0.0953125
0 0.5787321132830302 0.77578125 0.04573974687674216 0.0734375
0 0.6412235438047977 0.90859375 0.07402837334017516 0.1015625
0 0.8037099082661783 0.90625 0.06616133118569749 0.0921875
0 0.6409816075274936 0.5984375 0.05509656615858276 0.0703125
0 0.72496572208707 0.53125 0.04885565651766246 0.071875
0 0.7517509358845207 0.56953125 0.058285198672140125 0.08125
0 0.6445520351223949 0.675 0.047302246876741984 0.0734375
0 0.6196020320973327 0.68359375 0.052062469749379045 0.0859375
0 0.7066798512809777 0.7453125 0.0645897408266178 0.090625