0 0.5677283763652372 0.09626855034590123 0.1417067527304745 0.18675563231716558
1 0.6201923845566608 0.6543673966569091 0.19252488504764004 0.3276715238077134
0 0.20647725897699046 0.04026242739850954 0.10982951795398091 0.07876132513557324
0 0.9507681353422278 0.3789644383204076 0.09846372931554441 0.21933178298109554
1 0.8001510326865079 0.29917642348968465 0.13708288524403187 0.19766586123992677
1 0.929243114166793 0.19758717329329292 0.11823289129415607 0.18036927693097135
1 0.8140721112399267 0.14066903190094102 0.12906130698520074 0.16168290944452862
1 0.6178652526322786 0.2543673966569092 0.13549311416679294 0.1929692708808471
1 0.6968118883672898 0.12748725496996968 0.13859993344863372 0.18986245159900633
1 0.13471588846548568 0.05937552088084712 0.12255677693097136 0.11789654800821019
1 0.28635111133812263 0.07275728571157004 0.12270222267624523 0.14289654800821017
1 0.32299467680933436 0.5971714784317819 0.22858965007475476 0.34975560206654455
1 0.20458906869266555 0.38711470150081045 0.17040444535249044 0.2853567587805987
1 0.07089077956324998 0.3683687257995032 0.13916353571157003 0.2867374515990064
0 0.7008480077986401 0.8212372549699698 0.18448512607064965 0.2885635720123155
0 0.826550947984769 0.5399468692349585 0.17198512607064984 0.2884908491396784
0 0.5134731893023663 0.3045395925985748 0.17511921642972936 0.2900715298578375
0 0.6978259842855143 0.4360764597904299 0.18604762607064948 0.2885726623713948
0 0.13484575789683592 0.7531027949831481 0.26166577048806366 0.39525899960721667