0 0.548156219749379 0.0859375 0.12756243949875792 0.171875
1 0.6380020532727675 0.6234375 0.17057716217500313 0.3140625
0 0.1901073704133089 0.0453125 0.09896474082661784 0.090625
0 0.9498687106741925 0.328125 0.10026257865161484 0.209375
1 0.7882595658639951 0.26484375 0.12296584308955402 0.1875
1 0.9079357407284221 0.15546875 0.1056874394987581 0.171875
1 0.7920380299560333 0.10859375 0.11650676483072289 0.1515625
1 0.6083902586824028 0.23359375 0.12293857201231528 0.1828125
1 0.6763903040583343 0.1046875 0.12448289129415606 0.1796875
1 0.11992213544042356 0.0671875 0.10859427088084712 0.134375
1 0.2715255420562818 0.07421875 0.10867608411256366 0.1484375
1 0.34484240573209546 0.590625 0.20349874648395855 0.3328125
1 0.21479077048806366 0.39375 0.15001922247985355 0.271875
1 0.07176747833358596 0.384375 0.14068058391617194 0.278125
0 0.7279826795398089 0.78125 0.1640999031980126 0.275
0 0.8317969841873184 0.496875 0.15160899355709248 0.2765625
0 0.5102845567888089 0.290625 0.154743083916172 0.278125
0 0.6984526981811607 0.40546875 0.1656714935570923 0.2765625
0 0.1701020018467117 0.76953125 0.23672031264254137 0.403125