0 0.746875 0.00859375 0.046875 0.0171875
0 0.49609375 0.05 0.0703125 0.1
0 0.32109375 0.0484375 0.04375 0.053125
0 0.38515625 0.05390625 0.0515625 0.078125
0 0.17734375 0.121875 0.0828125 0.1515625
0 0.1515625 0.1765625 0.0875 0.1671875
0 0.17265625 0.69140625 0.1828125 0.309375
0 0.3390625 0.5421875 0.134375 0.2546875
0 0.3875 0.3203125 0.11875 0.2078125
0 0.51328125 0.2390625 0.1078125 0.1984375
0 0.57109375 0.39921875 0.125 0.221875
0 0.63359375 0.20078125 0.1171875 0.2015625
0 0.790625 0.075 0.08125 0.1484375
1 0.7171875 0.07109375 0.0671875 0.11875