0 0.1015625 0.0953125 0.0453125 0.06875
0 0.34609375 0.0703125 0.065625 0.10625
0 0.5046875 0.02109375 0.040625 0.0421875
0 0.44921875 0.0421875 0.0484375 0.0734375
0 0.65703125 0.053125 0.0796875 0.10625
0 0.69765625 0.07734375 0.0828125 0.1546875
0 0.8453125 0.540625 0.1734375 0.2921875
0 0.64765625 0.4609375 0.1265625 0.240625
0 0.5328125 0.27890625 0.1125 0.196875
0 0.39453125 0.24921875 0.103125 0.1875
0 0.39453125 0.41015625 0.11875 0.209375
0 0.275 0.25390625 0.1109375 0.190625
0 0.09375 0.19296875 0.0765625 0.140625
0 0.0359375 0.11171875 0.0625 0.0796875
1 0.15859375 0.165625 0.0640625 0.1125