0 0.17621602459328028 0.32708869906492355 0.04895565046753818 0.08934430113146821
0 0.017227885735011154 0.3178642108705844 0.03445577147002231 0.12677157825883115
0 0.04663760890223569 0.30909319886853187 0.06949540944452866 0.12852497579950323
0 0.11952111787922612 0.2696079971713296 0.08207722267624522 0.14266019867214014
0 0.2290961057789777 0.23459667203575635 0.07113063231716561 0.14103406615858277
0 0.2830841690106943 0.22022055464750956 0.07897949375348415 0.14732951795398092
0 0.41173640983731213 0.12885014520298094 0.10101812021691714 0.17558178298109556
0 0.5252403736347627 0.09160519613805734 0.1151442527304745 0.1832103922761147
0 0.5999398709042882 0.2754064617543472 0.0710397287263694 0.12540906615858277
0 0.7179404371610669 0.26925138964383605 0.07882495764913067 0.1207670179539809
0 0.9413193707078964 0.1437372634749905 0.03662836729005079 0.11895907825883123
0 0.8293602470731338 0.05400468130733442 0.11627950585373234 0.10800936261466884