0 0.8384368278660478 0.2904446127128647 0.04269656010845857 0.08774543969514967
0 0.9912385992378742 0.2668929623435224 0.01752280152425172 0.12354658430895542
0 0.9671839965821544 0.26235090808879624 0.06167381908544911 0.1269170240041051
0 0.8912027586824027 0.2284167905041577 0.074246541958086 0.13948974687674198
0 0.7785527677575891 0.20329004635789016 0.061746541958086 0.1394170240041051
0 0.7237970900644921 0.19188945892567683 0.07114881303532491 0.14415906615858276
0 0.5873868913923519 0.11143032016560354 0.09006243949875792 0.17239315046753823
0 0.4700403101084586 0.08628189188333123 0.10258062021691713 0.17256378376666245
0 0.4094214935570923 0.27418991628021977 0.06320904800821019 0.1222386143631847
0 0.29068512909571176 0.2772245335702707 0.07255677693097136 0.11760565651766246
0 0.04786584913967833 0.17003978922761148 0.049137457649130564 0.12059430113146816
0 0.1605153191836449 0.06140513261175319 0.1054056383672898 0.12281026522350638