0 0.7793125932925019 0.29622698010111154 0.03688292934436319 0.08145907825883122
0 0.9452739479630926 0.26635715203867205 0.05290791868236298 0.11592498184962743
0 0.8999887199634108 0.2642770224519809 0.052926100015908514 0.11748748184962743
0 0.8276597339672287 0.23657472414918318 0.06399086935072659 0.1284886143631847
0 0.7216370006365469 0.21766161856659716 0.05307155068427196 0.12998748184962744
0 0.6693841573042741 0.21015364559576435 0.05935791335136287 0.13314884328594587
0 0.5389432266470464 0.14138598575845227 0.07839881468808993 0.15825792759490126
0 0.4283693533179552 0.11078140125310512 0.08966357869190791 0.18644656010845856
0 0.37614213995863827 0.3024785427436529 0.05443405601527198 0.11280907220870703
0 0.2651046426241383 0.31171770823830575 0.06375451201463571 0.10817611436318471
0 0.029440409969774116 0.22246989763886785 0.049746556015272024 0.11278180113146812
0 0.13571877665500054 0.08567387958669108 0.09418744668999893 0.17134775917338216