0 0.19921875 0.30587222921734875 0.0359375 0.08458407825883114
0 0.02734375 0.2732784187161067 0.0515625 0.11904998184962742
0 0.07421875 0.26988070794371816 0.0515625 0.12217498184962743
0 0.15078125 0.24209153034881686 0.0625 0.13317611436318472
0 0.2625 0.2226915696746242 0.0515625 0.13467498184962742
0 0.31796875 0.21533761192729778 0.059375 0.1394079336450255
0 0.45546875 0.14344391032829143 0.0765625 0.16450792759490124
0 0.571875 0.11229792857685991 0.0875 0.19425906010845861
0 0.62109375 0.31357408226585193 0.0546875 0.11750566256778665
0 0.73671875 0.32383889569396024 0.0625 0.11130111436318471
0 0.97890625 0.2318048900366195 0.034375 0.11738748789975162
0 0.878125 0.08820696448482168 0.09375 0.17641392896964336