0 0.397864286497137 0.2328125 0.04738406010845857 0.0875
1 0.5353279250608185 0.2390625 0.026798849336070064 0.040625
1 0.7266841780858806 0.24765625 0.011082945745273775 0.025
1 0.3265978196746242 0.2625 0.011064765027114731 0.021875
0 0.292985888956465 0.265625 0.047302246876741984 0.0734375
0 0.6602279311109427 0.25625 0.05524201190385654 0.0953125
1 0.8102506570086417 0.25234375 0.007903403590796287 0.015625
1 0.8547728166495621 0.25390625 0.01738748789975162 0.034375
0 0.8266387262904825 0.25546875 0.007876132513557366 0.0109375
0 0.3546546419815271 0.27421875 0.00948408430895542 0.01875
1 0.742985888956465 0.265625 0.026844301131468205 0.0484375
0 0.49212282572474847 0.2796875 0.01428975897699054 0.0390625
1 0.24512056069763374 0.3015625 0.03487496974937905 0.0859375
0 0.5552126573032293 0.446875 0.05041815651766228 0.071875
0 0.0876131086076481 0.11484375 0.09792039129415604 0.1796875