0 0.4513908249391815 0.2364444765850701 0.052062469749379045 0.08623748184962743
1 0.580451611043535 0.2622570219610016 0.029923849336070063 0.040797716822512695
1 0.7595669393023663 0.2971536758463854 0.011082945745273775 0.025063632513557366
1 0.3804016140685971 0.2548268379231927 0.012627265027114642 0.02194772287263689
0 0.34913797852997763 0.25266489510478507 0.05042724687674198 0.07372839149054773
0 0.6954908037637468 0.2951826305686497 0.059929511903856716 0.0956579336450254
1 0.8377919332522421 0.3138866578924045 0.009465903590795932 0.015679542154477664
1 0.87924363504764 0.3214582633767947 0.01894998789975162 0.03448408430895542
0 0.8526674995090208 0.31926904948114815 0.007876132513557366 0.010982951795398144
0 0.4054879724798536 0.26952514217791884 0.011046584308955332 0.018813632513557367
1 0.7721851139704012 0.31739345297374844 0.028397710772388507 0.047038626463433084
0 0.5345396682251273 0.29377518755385035 0.01741475897699054 0.03916249394987581
1 0.2977300146343312 0.27952737695441243 0.04110678903121974 0.08304884933607007
0 0.5698873366466465 0.46076269965409883 0.05354315651766228 0.07218407220870696
0 0.1754954245698392 0.0848017259958949 0.10724084913967835 0.1696034519917898