1 0.3271563558771736 0.29886772941374046 0.11385446350286302 0.23346700585373242
1 0.735246632709949 0.11446844087350005 0.08526585518980241 0.15361587939029936
0 0.7194690373808997 0.8121928685665971 0.2505737343837101 0.36863286709365894
0 0.6868626331027325 0.3741161516458885 0.1441510175611974 0.3383272226762452
0 0.9568296994577071 0.4319185195251147 0.08277718032537607 0.2629726986721401
0 0.9668869972695255 0.18030602255017683 0.06517152380771343 0.19099770472226432
0 0.8093825277165383 0.3968400584581386 0.1279896863754999 0.24604881908544912
0 0.5807262625912277 0.3552030460633026 0.1944328186926656 0.38705561416679296
0 0.43018538622599045 0.4490444705349459 0.15330784894328656 0.3008817648307229
0 0.2641376845287883 0.5226642985973854 0.17708169222923242 0.35883062021691714
0 0.09974949424446339 0.6181636718393646 0.19949898848892678 0.5292976563212708