0 0.3295756752864567 0.34919421471195244 0.03036020934118149 0.058157945337363515
0 0.015115101647046358 0.3291244260025453 0.030230203294092716 0.08003294533736342
0 0.4543029552832751 0.37408622139558806 0.024146572008272214 0.0612102200031817
0 0.04044899327659352 0.4184960086728179 0.06856928134945381 0.11953179734245403
0 0.11929215595163858 0.35768632535009015 0.02887043467536321 0.06438976400381798
0 0.2696557826225475 0.3281817333704528 0.03206816000954502 0.07067612667090888
0 0.32991093527213916 0.4546811460454979 0.06718859468490823 0.13513861600890867
0 0.07288822859645779 0.518105657344045 0.08753745735199914 0.13849997334499947
0 0.19926091927913886 0.40159141402768056 0.10701471069381693 0.2012181493475449
0 0.6507416032781844 0.41387706942231406 0.041588610677908734 0.0832852146721816
0 0.6896308332670485 0.49637194342772284 0.06882382001909004 0.14140679734245404
0 0.5875507126034575 0.4725248160804963 0.06871473201781733 0.13203179734245402
0 0.4021495619430481 0.4242674873885884 0.07712721602481701 0.18368520401018137
0 0.4641302992520947 0.6039191720639516 0.1104487933640895 0.2278170120146356
0 0.9503303339035953 0.7213104981301304 0.08137945870463455 0.2805965666772723
0 0.8648933679185493 0.6101451841183582 0.19729645472626983 0.44129880402608973