1 0.27381124648395855 0.32964894796309263 0.12177604781181853 0.25296246268299927
1 0.7093846112399268 0.12769226523714078 0.09157948770335977 0.16511701734563583
0 0.7064758390825334 0.8363678312380953 0.25805898145684375 0.31391923870145283
0 0.6610117855151783 0.40796156791059507 0.15523396330647135 0.3642817706874535
0 0.9541113039601384 0.46937813653727867 0.09177739207972309 0.28390338001272664
0 0.962027822208707 0.19740313920277874 0.0759443555825861 0.2055783853437268
0 0.7931884812604523 0.43142524522600495 0.13903627068445523 0.2656624573519991
0 0.5468220204880636 0.3874138052594125 0.21023053551517829 0.4180431173615441
0 0.386470848648699 0.49006773261459335 0.1659442043294809 0.3253465400222716
0 0.20801911660267985 0.5702744953055467 0.1912987283335859 0.38657494135899884
0 0.07110998994285504 0.6734369526575459 0.13758389675510507 0.5531260946849083