0 0.2955044393023662 0.3049805907065436 0.03160452400410509 0.06130112667090888
0 0.4276947705862595 0.33386066339113374 0.026944295081343838 0.0659340826702726
0 0.01623509582002864 0.37360113200190903 0.0225931383672898 0.12369203866963625
0 0.0744561410977643 0.31022043200986316 0.03164088544042356 0.06755112667090887
0 0.2320959242752516 0.2823692466979531 0.03480224687674198 0.07383748933799979
0 0.29693110479701906 0.4159271813733163 0.07271131303532483 0.14458634134309048
0 0.037161195057902836 0.47930623933799976 0.06959540339440445 0.14611247867599958
0 0.15909930669061303 0.3572959740213172 0.11529878883482803 0.21382723734881753
0 0.635757255460949 0.37924753075267786 0.04426815046753827 0.0895715773392725
0 0.6761055203898678 0.4664299047580867 0.07431017447164337 0.15085452267663585
0 0.5689242794650541 0.43940323341022375 0.07581813231716553 0.14149770401018139
0 0.37253054761542675 0.38555897605027045 0.08394879488495217 0.19627611067790857
0 0.43769752624360037 0.5761481607256337 0.11857832493918145 0.24042610001590833
0 0.9532730501495095 0.7079201601288577 0.09235216822512733 0.2979295173456357
0 0.8611850232185383 0.5896690521164492 0.21208392700572604 0.4680612986950896