0 0.6622515777678519 0.3563155732888615 0.034729524004105096 0.06113748789975162
0 0.9792118187908614 0.31540773039569914 0.02079428903121965 0.08293067466803503
0 0.5343174753085238 0.3898734827333902 0.02850679508134384 0.06578862646343309
0 0.9635181202169172 0.40846283880695544 0.07296375956616571 0.1285613372358217
0 0.880193056690613 0.3503599681972548 0.03320338544042371 0.06737839754067192
0 0.7230390868430382 0.33017979928475644 0.03792724687674216 0.07365566861791084
0 0.6683566529034252 0.46565875703208287 0.07896131303532491 0.1442045179539809
0 0.9397412943939729 0.5140815797317692 0.10085449375348396 0.14745678298109546
0 0.8000151981811608 0.4008281216898551 0.12468287919390733 0.21478063836728972
0 0.33384529751723085 0.44416659387512103 0.04895565046753827 0.08934430113146821
0 0.2984168576256895 0.5318756721339521 0.08056017447164328 0.1504636083130606
0 0.4029270956236369 0.5007978680756178 0.08050563231716552 0.1410886083130606
0 0.5924163216195317 0.4387558894474443 0.09176129488495235 0.1958397408266178
0 0.5403912550681655 0.6281274616561513 0.12952491529826116 0.24137040944452864
0 0.05454517953980886 0.7809591085094523 0.07826239714788852 0.2926329275949012
0 0.12494806224975792 0.6617954971713297 0.23239642700572608 0.4669612827847038