0 0.681548419207086 0.3555395320973328 0.02845225292686617 0.056413626463433175
0 0.9885796692070861 0.3573257876564776 0.019204517953980725 0.07823408430895543
0 0.55645297043675 0.3712185533709633 0.022229524004105095 0.061064765027114644
0 0.9615171994577072 0.44310875155212415 0.06474427693097126 0.11756020472226432
0 0.8884524041799715 0.37861900467538206 0.02692611436318444 0.06265453610435348
0 0.7425859131569619 0.33870655610143785 0.030087475799503237 0.06892271682251269
0 0.6739126603282914 0.45940487548147446 0.06327268052176756 0.1331761143631846
0 0.923449052015231 0.5405468329342134 0.08359427088084707 0.13485678903121964
0 0.8061984403825206 0.4164230108237022 0.10270788524403188 0.19746587334017515
0 0.35941888915285675 0.3974169181269315 0.03953519867214013 0.08147725897699054
0 0.3159956211988758 0.47529193325224206 0.06486245159900639 0.13787270472226432
0 0.4184348199692118 0.459481101771957 0.06481699980360833 0.13006020472226432
0 0.605362648228043 0.42462989968197135 0.07135789129415607 0.18009656615858277
0 0.5316973683702054 0.597644697984769 0.10441583098930565 0.22247496369925485
0 0.0413627389799061 0.679169870413309 0.07659990319801271 0.27543633723582167
0 0.13493599785870067 0.5758044967785463 0.18374984874689487 0.4307419816532356