1 0.732933415380316 0.33761215790105004 0.13733855736790765 0.25625109468490825
1 0.363935778007636 0.05441368531191008 0.09662155601527198 0.10882737062382015
0 0.16191567476922256 0.7536869793125465 0.28757600938890654 0.41266582137172547
0 0.33566751670908895 0.308636466621593 0.17616579471672492 0.37074994668999894
0 0.047903887372680004 0.2893255819939548 0.07979877737108917 0.27901588534372673
0 0.10149941267504507 0.06137330466263655 0.08424882535009015 0.1227466093252731
0 0.20032945337363453 0.294584151973274 0.15312718936981645 0.27049540802036265
0 0.4514379673774525 0.3197910479392301 0.23305214139081548 0.42609197469763493
0 0.5789009907304061 0.4628587005888217 0.18352376137808885 0.3317783533577261
0 0.7296015194143599 0.5884661332352318 0.2123760147199066 0.39460561736154426
0 0.8730215186982713 0.7226854972151873 0.25395696260345735 0.5373931013685438