0 0.5591078761688456 0.22914698607572376 0.0724931444174139 0.10708634134309047
1 0.16878337889932005 0.4105300620225899 0.07249314441741399 0.10708634134309047
1 0.6516458758742579 0.4247418440881323 0.07408291549465282 0.11179202267663584
1 0.46410094495970694 0.5491134933959062 0.07561814441741391 0.10712270401018138
1 0.05739590612487896 0.33189543734086324 0.06310905405833438 0.10541475334181775
0 0.38306755093507644 0.18257033605186127 0.048882927594901204 0.07712612133990877
0 0.8126096051898026 0.16257020277685857 0.10892152380771343 0.1918795120146357
1 0.2522180476154267 0.38415901336727115 0.05675906010845857 0.08815452800763604
1 0.3053243460164204 0.24728626937458903 0.050454517953980905 0.07870680267345423
1 0.2458175358097659 0.22393912869986213 0.048792024004105095 0.061501121339908774
1 0.635470388269094 0.19566287141945057 0.040970433645025395 0.05984771467218155
1 0.8372596263652372 0.10270485411358568 0.04105224687674216 0.07391021467218159
1 0.8559061289975158 0.35368609878258556 0.0787795058537327 0.11340906667727228