0 0.59921875 0.24296875 0.0609375 0.0984375
1 0.18828125 0.340625 0.0609375 0.0984375
1 0.646875 0.4453125 0.0609375 0.103125
1 0.44140625 0.52734375 0.0640625 0.0984375
1 0.09765625 0.2453125 0.0515625 0.0953125
0 0.440625 0.165625 0.0390625 0.0703125
0 0.85625 0.22890625 0.0890625 0.178125
1 0.2734375 0.33125 0.046875 0.08125
1 0.35234375 0.2125 0.0421875 0.071875
1 0.30078125 0.178125 0.0421875 0.0546875
1 0.6796875 0.2265625 0.034375 0.0546875
1 0.89140625 0.17734375 0.0328125 0.06875
1 0.8578125 0.41796875 0.065625 0.103125