1 0.23759142447164328 0.15275447203213488 0.0553147347764936 0.10844884667409053
0 0.06841521935659552 0.3460852066756814 0.11972266842151909 0.1685692813494538
0 0.5978794846782977 0.17960151941435992 0.05048178903121965 0.08339430267345423
0 0.9399629664297293 0.2999803907940396 0.10777718032537606 0.26373633068109026
0 0.7301390354169824 0.4889321607654045 0.06945904800821019 0.12267497867599957
0 0.35837207796424364 0.23462318471513416 0.052135192622015936 0.09903748400699967
0 0.41911413524403185 0.20173850672340649 0.034747704722264315 0.06446248933799978
0 0.3291340298578376 0.1772555800445434 0.025372704722264317 0.06435340133672715
0 0.39956678804926116 0.7358498773869975 0.13977154800821018 0.12349313868554468
0 0.6695959242752515 0.28746002009067767 0.04583065046753809 0.08958975867281786
0 0.7417294786281735 0.19846170210054082 0.05693177693097127 0.11784202800763603
0 0.4484749031980127 0.2801998613939972 0.03957156010845857 0.08795453333863605
1 0.8651947705862597 0.33895143678385825 0.06621587334017534 0.10232611600890866