0 0.516068486819597 0.7506333425985747 0.08184996369925486 0.10359769867214012
0 0.9766499001729507 0.2892661340656814 0.02873405405833438 0.10485112646343317
0 0.47046561620989635 0.834740177005726 0.0866556383672897 0.12393746974937905
0 0.21161979781181847 0.25278515329620854 0.07718064441741398 0.10669542759490129
0 0.7571782583878153 0.4325156434354554 0.13869083703943003 0.2054874515990063
0 0.0489248759724538 0.3526164607723885 0.08023292154477706 0.09421360831306043
0 0.11210963544042356 0.06783746067419268 0.06452610831306052 0.08006020472226431
0 0.5156220174630016 0.4053299329576544 0.07247496369925485 0.10354315651766247
0 0.3170794574527388 0.25183625253408276 0.07400110226293624 0.09730224687674198
0 0.6998991070365144 0.9266969146108901 0.08356699980360816 0.13016928903121966
0 0.5169885538619428 0.23737481849627384 0.08023292154477701 0.09421360831306051
0 0.7150073764634332 0.03228383927892511 0.07688975292686635 0.056695427594901274
0 0.3567288064942213 0.4872152163315334 0.06609769867214013 0.08163179508134384
0 0.7785618581166688 0.21389745364210982 0.06777837334017534 0.10195338544042354
0 0.921891239942855 0.6795593359592754 0.07101245764913067 0.12072156615858276
1 0.9769175448849522 0.4369223840656815 0.046164910230095654 0.08152271077238851
0 0.12215732201231529 0.1835170028286704 0.0676420179539809 0.07851588544042354
0 0.04367988153159868 0.6596068041565303 0.06622496369925478 0.10350679508134383
0 0.9644726079202769 0.7540371611930444 0.07105478415944617 0.14106133723582168
0 0.4997323552879984 0.09118561972593786 0.07236587939029934 0.08479315651766242