1 0.7515625 0.08718496271729612 0.0578125 0.11439884328594588
0 0.928125 0.30149342329329293 0.11875 0.17725336729005098
0 0.36484375 0.10134134884509075 0.053125 0.087809072208707
0 0.02578125 0.21733749092481372 0.0515625 0.27842498184962744
0 0.2203125 0.4301879906302261 0.071875 0.1301056565176623
0 0.62109375 0.17080091773414802 0.0546875 0.10656816256778665
0 0.5578125 0.1313702581914235 0.034375 0.06894998789975162
0 0.65390625 0.10927306527482002 0.0265625 0.06890453610435351
0 0.571875 0.7095770714231401 0.146875 0.13054199375348396
0 0.2875 0.21495387607064967 0.0484375 0.09559430113146812
0 0.2109375 0.11607094847574839 0.0578125 0.12689884328594586
0 0.52421875 0.21554981547121174 0.040625 0.09398634933607006
1 0.07734375 0.26294997277444104 0.06875 0.10821247579950324