0 0.5063703680378618 0.2818333456236369 0.05272610534690845 0.10029998184962743
0 0.5998300140435889 0.3245617219888742 0.04474997334499946 0.08619203005422929
0 0.3807169347151341 0.3592220265381879 0.041515885343726744 0.07679884933607006
0 0.8084777607017711 0.2632798301055429 0.023873852005090512 0.037636355386194253
1 0.644615255370771 0.2795128424021831 0.030287484006999675 0.0517352168225127
0 0.43881069804263434 0.31659416500367354 0.05410679201145392 0.08468407220870695
0 0.24974874538508854 0.38267718637549997 0.04943747334499946 0.08621930113146821
1 0.7040629807049529 0.28610827604720857 0.036592028007635946 0.05645907825883123
1 0.05241012137967969 0.34168805113146816 0.03831816000954502 0.07053066861791084
1 0.7385652500397709 0.2972457639469601 0.019149989337999784 0.03448408430895533
1 0.4894828600413617 0.3075146016737611 0.02407384667409058 0.054823855386194255
1 0.4072067093809523 0.3531265626425414 0.02080339600572696 0.04230567466803503
1 0.2120669320496341 0.36683401775758917 0.027580654678544914 0.08765453610435348
1 0.18018967604231623 0.3127459605759968 0.02576361600890866 0.06577044574527387
1 0.918697098026726 0.2022064956001958 0.028797709341181487 0.057976126463433086
1 0.02361460140831473 0.5524437439498758 0.0355931493475448 0.10488748789975162