0 0.4731997307694729 0.7675708577238853 0.07399201190385671 0.09573974687674199
0 0.9711760841125636 0.3525201129884426 0.05764783177487267 0.10034543364502557
0 0.4228775439029936 0.8461816710537977 0.07567268657189175 0.11606133723582168
0 0.21090672550491557 0.26449935811666875 0.06933178298109555 0.10039997579950324
0 0.7300890384420445 0.47610656215156205 0.12298402380771342 0.1913340480082102
0 0.04656749043383437 0.35025907523376915 0.07237496974937899 0.08635565651766246
0 0.12701701795398088 0.07886131908544904 0.05823974687674203 0.07377384328594586
0 0.4962589391059745 0.4341225534691592 0.06462610226293623 0.09724770472226432
0 0.31406354176169426 0.2705680718159235 0.06614315046753819 0.08944429508134402
0 0.6398610317045493 0.9447095537637468 0.07253859621281222 0.11058089247250642
0 0.5093669514026147 0.2701418667008758 0.07237496974937904 0.08635565651766246
0 0.7167562288245654 0.06432417963800471 0.07089428298109546 0.1004090661585828
1 0.9666289637974506 0.04390363709074356 0.06293633723582168 0.0753636143631847
0 0.33650266490547764 0.5019407916634984 0.05981133723582168 0.0753454336450254
0 0.7647993399662962 0.26537814041039326 0.05992042154477702 0.09409543364502548
0 0.8729497458947832 0.7269292396482674 0.0615920058537327 0.11285452400410509
1 0.9505106227509998 0.4961383027817881 0.05982951795398108 0.0784704336450254
0 0.12923402380771337 0.19137040944452863 0.05979315651766241 0.07222043364502548
0 0.025647499018041354 0.6485647650271147 0.044313602262936305 0.09712953005422928
0 0.9202656283101449 0.802983200420656 0.08202268052176756 0.13328519867214011
0 0.9852305355151783 0.9041553358610794 0.029538928969643406 0.1345749878997516
0 0.5022897287263695 0.1279180052645573 0.0660795179539809 0.07850679508134392
1 0.9063181776930971 0.01699115826617828 0.04388635538619425 0.023692030054229297