0 0.528125 0.74609375 0.07109375 0.0921875
0 0.04296875 0.34296875 0.0609375 0.09921875
0 0.5765625 0.82265625 0.0734375 0.11171875
0 0.778125 0.2609375 0.065625 0.0953125
0 0.278125 0.4625 0.1171875 0.18515625
0 0.9375 0.3453125 0.06953125 0.08359375
0 0.8578125 0.08203125 0.05546875 0.07109375
0 0.503125 0.4234375 0.06171875 0.09296875
0 0.67890625 0.26640625 0.0625 0.08671875
0 0.36796875 0.921875 0.0703125 0.11796875
0 0.48984375 0.26484375 0.06953125 0.08359375
0 0.2890625 0.06484375 0.06796875 0.09609375
1 0.04765625 0.04296875 0.0609375 0.07890625
0 0.65859375 0.48984375 0.05703125 0.0734375
0 0.24296875 0.259375 0.05625 0.09140625
0 0.14140625 0.70390625 0.05859375 0.10859375
1 0.065625 0.48125 0.05625 0.075
0 0.85625 0.19140625 0.0578125 0.06875
0 0.96875 0.63359375 0.0625 0.09296875
0 0.09609375 0.77734375 0.07734375 0.128125
0 0.02421875 0.875 0.0484375 0.13046875
0 0.49609375 0.12734375 0.0625 0.075
1 0.10625 0.01484375 0.0421875 0.0296875