0 0.4734375 0.27890625 0.04140625 0.09375
0 0.3875 0.328125 0.03515625 0.0796875
0 0.6015625 0.34375 0.03359375 0.07109375
0 0.1796875 0.28515625 0.01953125 0.034375
1 0.33984375 0.28828125 0.025 0.0484375
0 0.5421875 0.30703125 0.04453125 0.078125
0 0.73046875 0.35546875 0.04140625 0.0796875
1 0.2828125 0.2984375 0.03125 0.05234375
1 0.91796875 0.30078125 0.03125 0.06484375
1 0.25 0.3125 0.015625 0.0328125
1 0.4921875 0.3015625 0.01953125 0.0515625
1 0.57578125 0.33984375 0.01640625 0.03984375
1 0.76640625 0.3375 0.01796875 0.0828125
1 0.79140625 0.2828125 0.01796875 0.0625
1 0.06640625 0.234375 0.0234375 0.053125
1 0.96875 0.503125 0.0328125 0.10234375