0 0.5203044514026146 0.2671875 0.06310905405833438 0.1046875
0 0.4228436441228264 0.30078125 0.05365224082661779 0.090625
0 0.6419345325883121 0.359375 0.048901108313060604 0.0796875
0 0.21609367437344745 0.21484375 0.02678975897699045 0.0390625
1 0.3811419574527388 0.25 0.03469316256778665 0.0546875
0 0.5861794362773042 0.31015625 0.06145565046753809 0.0890625
0 0.7718447463857627 0.39765625 0.05833974082661797 0.090625
1 0.320199912273199 0.24921875 0.042532933645025486 0.059375
1 0.9771672693192182 0.37890625 0.045665461361563686 0.0734375
1 0.28352661406859714 0.25703125 0.023655668617910842 0.0375
1 0.5360930778660478 0.2953125 0.030023843285945873 0.0578125
1 0.6145407856133742 0.35078125 0.025263620413308985 0.0453125
1 0.8131828186926656 0.3859375 0.03645565046753809 0.0890625
1 0.8488248820225781 0.33515625 0.03164997579950324 0.06875
1 0.10862608713762578 0.13984375 0.034720433645025486 0.059375
1 0.9804834273003138 0.5953125 0.039033145399372415 0.10625