1 0.2 0.19921875 0.03984375 0.09921875
0 0.05546875 0.41015625 0.1109375 0.15
0 0.54921875 0.17265625 0.0390625 0.075
0 0.8921875 0.23828125 0.06953125 0.246875
0 0.715625 0.45078125 0.0515625 0.1109375
0 0.3265625 0.2609375 0.03828125 0.0921875
0 0.3796875 0.21953125 0.025 0.059375
0 0.290625 0.21015625 0.01640625 0.059375
0 0.43046875 0.73671875 0.121875 0.103125
0 0.63203125 0.26640625 0.03359375 0.08203125
0 0.68984375 0.16953125 0.0390625 0.109375
0 0.41875 0.29140625 0.02734375 0.08203125
1 0.82578125 0.2859375 0.0515625 0.0921875