0 0.7213033491396783 0.17450315553570378 0.04279655405833438 0.10493293969514968
0 0.6598754906302261 0.22414408635205887 0.04752041549465282 0.1112102107723885
0 0.4022675237095175 0.2578004271039219 0.0521897347764936 0.10811248184962743
0 0.5421112737095175 0.25861401424154773 0.05218064441741408 0.10654998184962743
0 0.9810510538619427 0.2400746551429203 0.020994276930971268 0.11730567466803503
0 0.7773266110435351 0.2701383632830302 0.05377950585373252 0.11280907220870695
0 0.880428885145836 0.26683207698228495 0.056868144417413904 0.10657725292686618
0 0.006532842893162398 0.31721477107723883 0.010211313035324831 0.14380454215447766
0 0.309571484481906 0.3041345507386847 0.05689541549465282 0.11126475292686626
0 0.2095987555591449 0.30824026775758917 0.05686814441741399 0.10657725292686626
0 0.10753226151107323 0.3553010992378742 0.0631726865718917 0.11598861436318471