0 0.02418641286237421 0.3484375 0.04837282572474842 0.1375
0 0.13618592223214812 0.36015625 0.08047836123992673 0.1359375
0 0.2247217022863774 0.31640625 0.07101245764913058 0.1203125
0 0.31459272336361627 0.31171875 0.06788745764913058 0.1203125
0 0.39691486485416405 0.26171875 0.06316359621281205 0.1140625
0 0.526629635931403 0.25703125 0.0710306383672897 0.1234375
0 0.6315943918833312 0.209375 0.06478972872636941 0.125
0 0.6857642622966401 0.1640625 0.06008404800821019 0.121875
0 0.7415142925472612 0.25 0.071121541958086 0.1390625
0 0.8353415605994379 0.23671875 0.074246541958086 0.1390625
0 0.9401608708060923 0.2140625 0.07113063231716552 0.140625