0 0.2590063195764284 0.19614270521324367 0.03806360226293624 0.09709316861791084
0 0.32047053952219906 0.23953363602959876 0.04122496369925477 0.10336134933607007
0 0.5641296359314029 0.25374054001317836 0.045894282981095456 0.1002636204133089
0 0.432829638956465 0.26309788017586627 0.04588519262201594 0.09870112041330889
0 0.01420287968488695 0.27569489158874366 0.0284057593697739 0.1111102168225127
0 0.2131529432111911 0.28937507562655257 0.04592155405833438 0.1049511204133089
0 0.11625521731349205 0.2938449278894889 0.050572692622015934 0.09872839149054773
0 0.9655103287498104 0.2826543177297166 0.061737451599006475 0.13785452400410508
0 0.652973967313492 0.29072238954564017 0.05059087334017516 0.10185339149054773
0 0.7475143076725717 0.2886099228213233 0.050572692622015934 0.09872839149054773
0 0.8465148890546608 0.3255326850197676 0.05531473477649342 0.10813066256778665