0 0.96875 0.340011022629363 0.0625 0.13786361436318478
0 0.846875 0.3557082246211528 0.0765625 0.1348204275949013
0 0.75703125 0.31377927897407476 0.06875 0.12071247579950324
0 0.66640625 0.311689538147457 0.0640625 0.12068520472226432
0 0.5796875 0.2635287732185382 0.059375 0.11440793364502548
0 0.45 0.2619930234149299 0.0671875 0.12382838544042354
0 0.3421875 0.21761578863843628 0.0609375 0.1253545240041051
0 0.2859375 0.17275728571157006 0.05625 0.12220225292686626
0 0.23203125 0.26150616832332324 0.0671875 0.13945338544042354
0 0.13671875 0.2515766564194665 0.06875 0.13946247579950324
0 0.03828125 0.23147271379745066 0.05 0.14091589149054773