0 0.97265625 0.6808491301320394 0.05 0.11464430267345413
0 0.98671875 0.7427315121339484 0.0203125 0.1189863573360908
0 0.75 0.8040395401018134 0.0625 0.11478975334181776
0 0.8484375 0.5434662141151765 0.0515625 0.10059998400699968
0 0.9546875 0.4970462947962668 0.053125 0.09436816534054522
0 0.8203125 0.3564202001113585 0.053125 0.10843066534054513
0 0.9921875 0.33185764680135743 0.015625 0.09393181333545444
1 0.98515625 0.04427583080040294 0.0296875 0.050345445337363445
0 0.89921875 0.07921335745540348 0.04375 0.08332157733927245
0 0.87265625 0.02421677478513091 0.034375 0.016024989337999784
0 0.84140625 0.029321898114222016 0.0390625 0.027017033338636122
0 0.63359375 0.07299753075267787 0.040625 0.08328521467218157
0 0.45546875 0.012331108728497155 0.0390625 0.014517033338636121
0 0.53359375 0.0562089254057694 0.040625 0.07547271467218157
0 0.5640625 0.11828221140990558 0.0375 0.09418635200509069
0 0.6015625 0.16871856341499625 0.046875 0.08804544000636336
0 0.70234375 0.15739125942867743 0.0453125 0.08802725867281787
0 0.6765625 0.2266225174251776 0.0515625 0.09434998400699968
0 0.62890625 0.3846617367520415 0.0546875 0.09907384667409058
0 0.578125 0.4692270934118145 0.0625 0.11322725334181775
0 0.465625 0.5491680373965425 0.0578125 0.1100477093411815
0 0.34296875 0.4797720527132251 0.0625 0.11322725334181775
0 0.3671875 0.31911636338317956 0.0515625 0.10059998400699968
0 0.25625 0.2686067387014529 0.053125 0.09280566534054513
0 0.32421875 0.1983038767106798 0.034375 0.07696248933799979
0 0.29921875 0.1284817253739527 0.053125 0.08186816534054513
0 0.3296875 0.036648761378088854 0.040625 0.06609771467218156
0 0.16328125 0.01986869935549898 0.0515625 0.036537484006999674
0 0.078125 0.028252816677272235 0.05 0.055269302673454236
0 0.15703125 0.11667097402131721 0.053125 0.09436816534054512
0 0.06953125 0.1562778193427723 0.046875 0.08960794000636332
0 0.08671875 0.2533528140117722 0.0578125 0.09598520934118149
0 0.03359375 0.3285158986712271 0.059375 0.09287839067472685
0 0.11015625 0.37862553401495386 0.0609375 0.0850840720082724
0 0.1 0.45350735534690845 0.0578125 0.1022352093411815
0 0.1796875 0.5763096033577262 0.06875 0.12111247867599957
0 0.12265625 0.7842397346833174 0.0640625 0.1288704346753633
0 0.3921875 0.8194072647199067 0.0671875 0.13515679734245403
0 0.26015625 0.8670896920353165 0.06875 0.12423747867599957
0 0.14921875 0.9189238173535899 0.065625 0.1304511160089085