0 0.4984375 0.1762314045990031 0.05625 0.08815452800763598
0 0.97734375 0.26753382586732427 0.0453125 0.08958975867281786
0 0.74453125 0.2569615945655956 0.04375 0.0755090773392725
0 0.41796875 0.21388649327659354 0.0609375 0.09445907200827239
0 0.9546875 0.3537349552037332 0.0578125 0.09598520934118149
0 0.66328125 0.04306327390995869 0.0453125 0.05833975867281789
0 0.79296875 0.33374172322568674 0.0625 0.09291475334181776
0 0.309375 0.009273907980591802 0.046875 0.018547815961183604
0 0.68203125 0.35925134790741337 0.0625 0.10072725334181776
0 0.0796875 0.2623540019891823 0.0515625 0.06309998400699968
0 0.97421875 0.4308514385344152 0.0515625 0.09434998400699968
0 0.26171875 0.304767126631138 0.065625 0.10701361600890866
0 0.43046875 0.36764729260823 0.0640625 0.09762043467536322
0 0.9046875 0.4629105078771875 0.0703125 0.08675566000954511
0 0.92890625 0.10559744720723307 0.0609375 0.08352157200827234
0 0.89921875 0.5332866425445966 0.06875 0.10236247867599957
0 0.46171875 0.45478366593732106 0.075 0.11337270401018137
0 0.1125 0.407284693984728 0.0625 0.09447725334181775
0 0.6734375 0.5109138452419133 0.075 0.11337270401018137
0 0.20078125 0.46953869863941033 0.0625 0.10072725334181776
1 0.16953125 0.007748317990136817 0.0484375 0.015496635980273635
0 0.54765625 0.5498774425923216 0.0703125 0.11019316000954511
0 0.98671875 0.1338309878660516 0.0265625 0.09093408267027256
0 0.80234375 0.6297263852244142 0.0828125 0.12127611067790856
0 0.0578125 0.5712022906588186 0.0703125 0.11331816000954512
0 0.02734375 0.6207755766629547 0.0546875 0.12094884667409059
0 0.76875 0.10667978389564117 0.0453125 0.0692772586728179
0 0.8140625 0.8311525252228232 0.0796875 0.12748974801081764
0 0.23984375 0.7268966653007742 0.075 0.11493520401018138
0 0.5625 0.8106422199236398 0.0828125 0.13377611067790873
0 0.58125 0.08620529392109454 0.05 0.07558180267345424
0 0.6734375 0.8788825952419133 0.0828125 0.12440111067790874
0 0.7640625 0.9372030778962774 0.08125 0.1087579293443632
0 0.24375 0.03936139731859159 0.053125 0.07872279463718318
0 0.48671875 0.08261776460059396 0.0515625 0.08341248400699967
0 0.5421875 0.13822232725973066 0.05 0.09120680267345423
0 0.9125 0.21516335120946026 0.0625 0.09447725334181775
0 0.78046875 0.19873092389405034 0.0625 0.0835397533418178
0 0.4078125 0.1468171719446389 0.05625 0.08815452800763604