0 0.964781159248137 0.5798229563725844 0.07043768150372606 0.11761474687674216
0 0.9844487646343312 0.6299365858610796 0.03110247073133756 0.12363748789975162
0 0.7832150802037388 0.7451565440011894 0.0803783672900508 0.1192136083130606
0 0.8176026739806639 0.4789593722600206 0.06778746369925485 0.10351588544042353
0 0.9062697433607007 0.4115087727275589 0.06775110226293642 0.09726588544042354
0 0.7494379603796051 0.31059973681959707 0.06939541549465282 0.11133747579950323
0 0.9279578701187212 0.24523433293421332 0.07402837334017534 0.10198974687674207
0 0.7619232830792914 0.03958780005131364 0.05822156615858276 0.07064884328594587
0 0.5121959938516799 0.0850083425985748 0.05518746974937905 0.08625566256778663
0 0.32997839149054775 0.05191806576579934 0.04719316256778665 0.05496021077238853
0 0.41458065046753817 0.0914714451560987 0.0535795179539809 0.07843407220870699
0 0.45707267749670544 0.14406063485124837 0.05367042154477701 0.09405907220870699
0 0.5033845961146162 0.1818288004440971 0.06146474082661779 0.0909795240041051
0 0.5953811985739442 0.14955263162979454 0.05990224082661797 0.09097043364502548
0 0.5871965147325271 0.21981513465485664 0.06618860226293624 0.09725679508134392
0 0.5771862313586481 0.37912650214129934 0.06934087334017516 0.10196247579950324
0 0.547240177005726 0.4687929901392468 0.07879768657189175 0.1160795179539809
0 0.46110775516636143 0.569069725210328 0.07566359621281205 0.11449883723582169
0 0.3304253817279904 0.53159193022718 0.07879768657189175 0.11607951795398072
0 0.3170208909995684 0.376050457354543 0.06778746369925477 0.10351588544042353
0 0.20204078561337419 0.35194481596219107 0.06617951190385671 0.09569429508134401
0 0.25001013212077383 0.27175786709365923 0.0473295179539809 0.07839771077238851
0 0.21216469847574843 0.21216469847574843 0.06612496974937895 0.08631929508134392
0 0.2194226865718917 0.11689765027114649 0.05198065651766246 0.07217498184962738
0 0.05695450282867037 0.12142100292686624 0.06454428903121974 0.08318520472226432
0 0.07634991832332325 0.23246758723582167 0.0677511022629363 0.09726588544042354
0 0.017302171250189468 0.2883721535907962 0.031786331185697445 0.09236930718159239
0 0.04124418617910825 0.37522725897699044 0.07245678298109554 0.10041815651766246
0 0.022966884851248377 0.45636817466803503 0.0411886022629363 0.09711134933607006
0 0.09033619203284074 0.48800906010845857 0.07396474082661783 0.09105224687674215
0 0.09779468890958276 0.5614874667243168 0.074055644417414 0.10667724687674199
0 0.19913045081343944 0.6573862948849521 0.08822722872636941 0.12550906010845858
0 0.1909690137505684 0.8659255027304745 0.08357609016268785 0.13173178903121965
0 0.4517428872871353 0.8393185926967707 0.089871541958086 0.1395806504675381
0 0.3388934293434171 0.9128782916634984 0.08824540944452863 0.12863406010845857
0 0.24542068529534547 0.9591664426220159 0.08641928903121973 0.08166711475596813