0 0.478411867191855 0.1863708546988232 0.05992042154477702 0.09409543364502548
0 0.20779536104353502 0.26682492739850955 0.04578519867214013 0.0815136204133089
0 0.5646038972460843 0.2306208244482022 0.06464428298109545 0.10037270472226431
0 0.3049465752337691 0.04630387002052545 0.04557612041330898 0.045576120413308906
0 0.15358055971567514 0.34775676483072293 0.06619769262201594 0.09881929508134393
0 0.6906704517953981 0.011830438713191034 0.04696590359079629 0.01589771077238853
0 0.2732936168972675 0.37970217730031364 0.066243144417414 0.10663179508134393
0 0.9298021712501896 0.29368092329329293 0.05506929508134419 0.06594316256778665
0 0.7308334061248789 0.3354906525106417 0.06785109621281205 0.11445338544042354
0 0.5460453156676035 0.397694694959707 0.06779655405833437 0.10507838544042354
0 0.03407255649422131 0.4853380571815924 0.06303633118569744 0.09255111436318479
0 0.022479508878794578 0.10403351502711464 0.04417724687674203 0.07369203005422928
0 0.03529468890958276 0.5611238523611322 0.06469882513557323 0.10974770472226432
0 0.5098674420328407 0.4904498215213359 0.07882495764913067 0.1207670179539809
0 0.8900907523376912 0.45047582395722296 0.06620678298109581 0.10038179508134384
0 0.27815889978016717 0.5445686531980127 0.07882495764913058 0.1207670179539809
0 0.792816297419035 0.5155326765147468 0.0662431444174139 0.10663179508134384
1 0.841451701795398 0.012707658364374144 0.051653403590795934 0.015924981849627384
0 0.41279752019347604 0.5906629240788599 0.07411927693097127 0.11761474687674198
0 0.1328014688656162 0.6702812046240684 0.08669199980360828 0.13018746974937906
0 0.945042393631847 0.6304769413454696 0.0725840480082102 0.12229315651766229
0 0.9736658007386847 0.6853417033475223 0.05266839852263061 0.12845225292686635
0 0.18652837334017516 0.1026442527304745 0.047311337235821684 0.07527271077238855
0 0.11375252877768305 0.8873505299560334 0.08204995159900638 0.13797269867214013
0 0.7428718813352069 0.7933576946651194 0.07883404800821019 0.1223295179539809
0 0.3886661703664267 0.8741066831540462 0.08677381303532483 0.14424996974937904
0 0.39033462939029934 0.08664304459036462 0.052035198672140126 0.08154998184962739
0 0.2656150106273104 0.9389130299560335 0.0866556383672898 0.12217394008793292
0 0.16269454370660183 0.9737783884654856 0.079996572208707 0.05244322306902873
0 0.7580533945156098 0.0458150741536146 0.05673178903121965 0.08313975292686623
0 0.4934505390312197 0.0856805082896194 0.05364315046753827 0.08937157220870699
0 0.4320681323171656 0.1431339391059745 0.052135192622015936 0.09873748184962738
0 0.030160719552987242 0.21579317164297293 0.05839428298109554 0.10033634328594587
0 0.17148061114173088 0.20177209913967836 0.06614315046753823 0.08944429508134392
0 0.5774579003693423 0.15726059250037894 0.058357921544777015 0.09408634328594587