0 0.24453125 0.30376639119596016 0.06875 0.10821247579950324
0 0.971875 0.4775292033475223 0.05625 0.09095225292686634
0 0.94921875 0.3648973931408678 0.046875 0.08308521077238851
0 0.77890625 0.4412502940011894 0.05 0.08154089149054791
0 0.934375 0.44527978472961144 0.0625 0.1113011143631848
0 0.7203125 0.43778440553570375 0.0625 0.1269261143631848
0 0.85234375 0.3283962908779315 0.1453125 0.24303290339440445
0 0.49921875 0.16540436972593783 0.121875 0.2147715480082102
0 0.2390625 0.3990470749391815 0.075 0.1316863372358216
0 0.1203125 0.35226245764913056 0.128125 0.26949540944452866
0 0.04140625 0.4768033945156098 0.0828125 0.13798178903121966
0 0.02890625 0.31188692164297294 0.0578125 0.15189884328594588