0 0.7518387141902341 0.22109375 0.07722609621281222 0.1140625
0 0.045655850121636976 0.478125 0.0693045119038567 0.0953125
0 0.05881944633444906 0.3640625 0.053634060108458594 0.0875
0 0.23662628376666245 0.41875 0.05674087939029935 0.084375
0 0.08258822356000799 0.44140625 0.0725476865718917 0.115625
0 0.29449787110068 0.40859375 0.07420109016268786 0.13125
0 0.15050749746591724 0.315625 0.1655351381708981 0.253125
0 0.48215344896672774 0.11328125 0.14192492134838536 0.2234375
0 0.768480792645457 0.31484375 0.08672836123992678 0.1359375
0 0.8821120214700222 0.2546875 0.151618083916172 0.278125
0 0.9603455848981305 0.3703125 0.06801472267624505 0.1421875
0 0.9550500726014904 0.20625 0.047765855189802406 0.153125