0 0.2453125 0.3381459363755 0.08125 0.11766019867214013
0 0.98515625 0.44010647139969894 0.0296875 0.0939227168225127
0 0.96328125 0.3259167063725843 0.0453125 0.08932612041330898
0 0.80390625 0.42108323974646333 0.059375 0.0878454336450254
0 0.9609375 0.4079343208339649 0.0734375 0.11917724687674199
0 0.74375 0.42385826092189804 0.0765625 0.1348204275949012
0 0.86640625 0.2987906041096481 0.171875 0.2619374394987579
0 0.490625 0.17004187275099997 0.146875 0.23054199375348405
0 0.25 0.4358294574527388 0.090625 0.1411522408266178
0 0.12421875 0.40150393354682967 0.1578125 0.28841812626704133
0 0.053125 0.536246572208707 0.10625 0.1506181444174139
0 0.03203125 0.3712801023611322 0.0640625 0.16131020472226432