0 0.5050692950813439 0.06268881401728348 0.02529089149054773 0.05014544574527389
0 0.5675516352440318 0.19357974483363857 0.04734769867214013 0.08152271077238851
0 0.6188232437534842 0.14327976298401118 0.03788179508134384 0.06584316861791084
0 0.7867374515990064 0.1329275493829523 0.05041815651766246 0.07216589149054778
0 0.720626638269094 0.18409513964383603 0.05368860226293641 0.09718407220870703
0 0.64103458703943 0.2009649979568965 0.05377041549465282 0.11124657220870696
0 0.5901493187908614 0.31767122980652396 0.06166472872636941 0.1253545240041051
0 0.5333635084860111 0.36019052791292994 0.07589085518980258 0.1535613372358217
0 0.6791396167990716 0.43903262451852554 0.09335106596219109 0.2005363311856975
0 0.7641867824901162 0.4197871999486864 0.09494083703942983 0.20523292154477701
0 0.5583059837945349 0.7530274677062755 0.13007942720211788 0.3366829094445286
0 0.8449429205628183 0.7372968868151657 0.14081693930236625 0.302371541958086
0 0.7030235861556672 0.7842178594914108 0.21624418617910823 0.37624537919390766
0 0.4435162550681656 0.6286910639190877 0.18807373438371008 0.3682692527304745
0 0.12676405054229295 0.43677731645317036 0.20555212587425795 0.4183692466803503