0 0.46136929205628185 0.07421875 0.029987481849627427 0.0515625
0 0.41215560811666874 0.209375 0.05361587939029935 0.084375
0 0.35642778288289967 0.16484375 0.04101588544042354 0.0671875
0 0.18926755396013853 0.16953125 0.05513292759490125 0.0765625
0 0.2598391291939076 0.2140625 0.059947692622015936 0.0984375
0 0.34036242134838535 0.2234375 0.06316359621281205 0.1140625
0 0.40116408684303817 0.334375 0.07105790944452864 0.128125
0 0.4630964602814093 0.37109375 0.08841812626704133 0.1578125
0 0.32535154146710665 0.46328125 0.10900333703942992 0.2046875
0 0.23934586377400952 0.4515625 0.11059310811666875 0.209375
0 0.4763156404103933 0.76328125 0.15824078863843632 0.3421875
0 0.19044177292395056 0.77421875 0.1642998910977643 0.309375
0 0.3359451704646226 0.80703125 0.2459953186926656 0.3859375
0 0.5778776195295461 0.62890625 0.21625327653818793 0.3765625
0 0.8726941740788599 0.409375 0.23841916802873547 0.4265625