0 0.7102857087046346 0.2796875 0.02556362133990877 0.0484375
0 0.9274101213796797 0.34140625 0.10988517202418073 0.178125
0 0.8511930667170432 0.37109375 0.054252242679817896 0.096875
0 0.7522464893777707 0.32734375 0.04465906667727211 0.078125
0 0.6099226293761799 0.315625 0.025654528007635947 0.05625
0 0.6212595713717255 0.2828125 0.02556362133990877 0.0484375
0 0.6428623987109979 0.3265625 0.027035214672181597 0.040625
1 0.46733568738063413 0.3484375 0.023982940006363408 0.046875
0 0.539674311386043 0.38828125 0.04798406134627218 0.0953125
0 0.4157640967138615 0.34765625 0.035102253341817755 0.0625
0 0.3689800033815887 0.35546875 0.04298747867599957 0.06875
0 0.19130953672022483 0.39453125 0.03177725867281791 0.0453125
0 0.07695668272595182 0.43671875 0.023928396005727003 0.0421875
0 0.3029737427195885 0.38984375 0.03515679734245412 0.0671875
0 0.2552811300524976 0.38671875 0.02718066534054513 0.053125
0 0.022959526058224593 0.42890625 0.031849984006999676 0.0515625
0 0.05027600405790642 0.4265625 0.0351022533418178 0.0625
0 0.07139812074313284 0.56328125 0.07320223734881745 0.1140625
0 0.2433083887253155 0.43203125 0.05572383601209037 0.0890625
0 0.2909651860677696 0.49921875 0.049601105346908446 0.1
0 0.18367939739813338 0.47734375 0.07678177068745358 0.153125
0 0.1287015434038604 0.51953125 0.10696016669318058 0.1953125
0 0.28736911342295046 0.66015625 0.11962379869508961 0.209375
0 0.397079920751087 0.621875 0.06711586935072641 0.128125
0 0.4582430453930427 0.43984375 0.05283519334818117 0.109375
0 0.4020112267265882 0.44140625 0.05574201734563573 0.090625
0 0.5053634933959061 0.4609375 0.0716942813494537 0.11875
0 0.4920378847469509 0.59140625 0.13074311203054415 0.225
0 0.6192987240610881 0.45 0.07827154535327185 0.146875
0 0.7686458380808145 0.5953125 0.2523839440642698 0.4734375