0 0.3076590056573408 0.2439692103796051 0.02841589149054773 0.05016362646343318
0 0.08140103268650795 0.2949948583130605 0.12140334308955414 0.18819995764913058
0 0.15894477058625953 0.32981983108750157 0.05997496369925477 0.10347043364502548
0 0.2626237616092691 0.29136183996629617 0.04891928903121974 0.0830943011314682
0 0.4102527405320302 0.28753337889932 0.030032933645025395 0.0595477168225127
0 0.39911525263227865 0.25309474638576274 0.02841589149054773 0.05016362646343318
0 0.37515103268650796 0.2967038458200286 0.029932939695149673 0.042360216822512696
1 0.5558015898681002 0.3290037822937245 0.02684430113146803 0.048592036104353475
0 0.48023396330647133 0.36528164987836304 0.053706782981095456 0.10030907220870704
0 0.6089447705862595 0.33243785450243146 0.03789088544042372 0.06740566861791084
0 0.6558788579202771 0.34286681527482 0.04573065651766228 0.07213862041330898
0 0.8374197494108249 0.39392129692805566 0.03465680113146803 0.04863748789975162
0 0.9541168909013725 0.4445985286794872 0.026826120413308986 0.04546703610435347
0 0.7225123668972675 0.3823156555357038 0.039480656517662284 0.07210225897699037
0 0.7717265717177277 0.3818207518467117 0.03000566256778665 0.0548602168225127
0 0.9957129966803503 0.43859851355417667 0.008574006639299369 0.05318863251355736
0 0.9808465207826511 0.4361638599633805 0.03830695843469769 0.06428975897699055
0 0.9540901407049809 0.5742814834999475 0.08194995764913067 0.12078519867214013
0 0.7821555324901162 0.42875483918072926 0.06148292154477701 0.0941045240041051
0 0.7309839179305397 0.4956423573311019 0.05528746369925486 0.10344316256778648
0 0.8418168788011242 0.4783190228257547 0.08687380698520072 0.16143746974937906
0 0.8967770895735127 0.5255121853935414 0.11837833703942983 0.20536927693097126
0 0.7296037459929792 0.6612537217924824 0.13253174063022613 0.22107609016268787
0 0.6176213755796705 0.6152912611182898 0.07421927088084708 0.13480224687674197
0 0.5610390565924173 0.4235623033709633 0.060038596212812226 0.1144079336450254
0 0.6188879180287357 0.43014864665690916 0.059929511903856716 0.0956579336450254
0 0.5127197312604521 0.44359300223949516 0.0788522287263694 0.1254545179539809
0 0.521318547320839 0.5787947040348932 0.14512264422102242 0.2367738130353249
0 0.39465098731057646 0.425719180128984 0.0868374455488821 0.15518746974937905
0 0.2360986648072818 0.566198213502863 0.2810157341873184 0.498493083916172