0 0.7746262535160413 0.33733040846257 0.02528180113146803 0.048582945745273956
0 0.9679853680756179 0.4056451129884426 0.06038402985783762 0.17378293364502556
0 0.9139200367917246 0.43267524560019577 0.05368860226293641 0.09718407220870695
0 0.8149694523845732 0.38600425779864006 0.042651108313060605 0.07993293969514967
0 0.6728637656162899 0.3711145351223949 0.02532725292686635 0.056395445745273956
0 0.6855592083365016 0.3375935079950318 0.02528180113146803 0.048582945745273866
0 0.7056126331027326 0.38224293266306686 0.02678975897699054 0.039217036104353474
1 0.5281597987937771 0.3999611769075302 0.023701120413308983 0.045448855386194253
0 0.5990126542781672 0.4417810382456528 0.04586701190385671 0.09557612041330898
0 0.4766018439733169 0.39887994505790286 0.033185204722264314 0.06425339754067191
0 0.4296859373574586 0.40563848428551424 0.04102497579950324 0.06898634933607006
0 0.24978935909862746 0.44053059299135827 0.03151362041330898 0.0454943071815924
0 0.04729107299427392 0.46591589149054774 0.022120439695149673 0.04231476502711473
0 0.03083482601933602 0.4744141927202118 0.028415891490547775 0.05016362646343318
0 0.13236096458301755 0.48125506606038704 0.022120439695149673 0.04231476502711473
0 0.3615262898167867 0.4380555536655509 0.03321247579950324 0.06894089754067209
0 0.3138927657144857 0.4338720477136226 0.02687157220870704 0.05327953610435347
0 0.07850925673749526 0.47156644867214015 0.03154998184962739 0.0517443071815924
0 0.10586209709657488 0.47016302995603343 0.034738614363184706 0.06269998789975162
0 0.015033605778977725 0.5079079487703361 0.03006721155795545 0.0720658975406721
0 0.03355530504029303 0.543963623438371 0.04739315046753821 0.08933521077238851
0 0.12303544067710832 0.606986319085449 0.07253859621281208 0.11448065651766245
0 0.30035244048071663 0.4783260296614458 0.05364315046753827 0.08937157220870695
0 0.3460416695016736 0.5481254452542945 0.04744769262201594 0.09871021077238851
0 0.23837461524694747 0.5224982104778009 0.07432835518980259 0.15355224687674215
0 0.1826604255517978 0.5643630027304745 0.10269879488495226 0.19590337334017516
0 0.3357258173369332 0.7097896530998169 0.11684310811666876 0.21004768657189174
0 0.4476581907753042 0.6737208637740094 0.06324540944452864 0.1284886143631848
0 0.5159092627876195 0.4912992492144331 0.0506363251355733 0.10966589149054773
0 0.4596501724285398 0.4925344962875668 0.05365224082661797 0.09093407220870695
0 0.561871202580965 0.5142236648072818 0.06944086729005097 0.11914997579950323
0 0.5447013624182772 0.6453782160369459 0.12787151170746505 0.2257363190854491
0 0.6775461995559029 0.5063026013791735 0.07585449375348396 0.14731133723582168
0 0.8227763654433392 0.6555900499531178 0.24337937880112398 0.4748374152982612