0 0.75546875 0.3296875 0.0234375 0.0453125
0 0.95 0.4203125 0.1 0.16875
0 0.875 0.4375 0.05 0.09375
0 0.78671875 0.38125 0.040625 0.075
0 0.65390625 0.34921875 0.0234375 0.053125
0 0.67109375 0.31953125 0.0234375 0.0453125
0 0.684375 0.3640625 0.025 0.0375
1 0.51328125 0.35859375 0.021875 0.04375
0 0.57578125 0.40625 0.0421875 0.0921875
0 0.4640625 0.35 0.03125 0.0609375
0 0.41875 0.35078125 0.0390625 0.065625
0 0.24375 0.36171875 0.0296875 0.04375
0 0.0484375 0.359375 0.021875 0.040625
0 0.0328125 0.36484375 0.028125 0.0484375
0 0.12734375 0.38359375 0.021875 0.040625
0 0.35 0.3734375 0.03125 0.065625
0 0.30546875 0.36328125 0.025 0.05
0 0.07734375 0.36875 0.0296875 0.05
0 0.10390625 0.3703125 0.0328125 0.059375
0 0.015625 0.39609375 0.021875 0.0671875
0 0.0265625 0.43125 0.0453125 0.0859375
0 0.103125 0.503125 0.06875 0.109375
0 0.2875 0.40390625 0.0515625 0.0859375
0 0.32109375 0.475 0.0453125 0.0953125
0 0.2234375 0.4375 0.0703125 0.146875
0 0.16484375 0.4703125 0.096875 0.1875
0 0.29140625 0.62734375 0.109375 0.2
0 0.40234375 0.60703125 0.0609375 0.121875
0 0.48984375 0.44375 0.0484375 0.1046875
0 0.4359375 0.4375 0.05 0.0875
0 0.53125 0.47109375 0.065625 0.1125
0 0.49765625 0.59296875 0.1203125 0.2140625
0 0.640625 0.478125 0.071875 0.140625
0 0.759375 0.63828125 0.23125 0.453125