1 0.23613585264163756 0.18160234663431968 0.10036472135581712 0.16677042401336303
1 0.05943644529759255 0.2625539966581822 0.10676017202418069 0.1793431493475448
1 0.030194935311910077 0.42384603266231835 0.060389870623820154 0.2179329346753633
1 0.41824508724541315 0.6427018366088663 0.18132491470399828 0.27707267202418073
1 0.3614331079328667 0.49025863661682045 0.15737833736472578 0.23304995202099904
1 0.41595861795832006 0.3021495619430481 0.11975106802990769 0.22167610001590835
1 0.4659864373010924 0.23204559993636656 0.11644425469445316 0.20601473734881742
1 0.700834151973274 0.18869339990454986 0.12912606802990786 0.221785188017181
1 0.8296040419716831 0.19891218988705064 0.1257647106938169 0.20143632535009015
1 0.7839182772915474 0.29864910789309584 0.1357215133672712 0.25154541335136277
1 0.8190001599300032 0.5060252558880052 0.14794879336408934 0.22825336401972632
1 0.6677285612667303 0.4827888452419133 0.1610487773710892 0.27996131468808994
0 0.1593967985757769 0.6675858473106374 0.20221921737745255 0.3273090293602715
0 0.563704132598685 0.4941541539226854 0.1722589973742707 0.30352608402290804