1 0.33050004537593153 0.13083340612487898 0.0947408491396784 0.17085792154477705
1 0.12958698516927708 0.15232154498314807 0.09794766237139489 0.1849386022629363
1 0.04045124141579301 0.2986829396951497 0.06848742134838534 0.22382838544042355
1 0.36494568472518 0.6560515747427897 0.17195785499341074 0.2838033491396784
1 0.3557893742239379 0.48411748740877225 0.14824764422102224 0.23679199375348414
1 0.47084726854315606 0.31368733362158435 0.1107021924256241 0.2287613251355732
1 0.5430267955723233 0.2617617401392468 0.10748628883482798 0.213118144417414
1 0.7904785124930319 0.2983588120533662 0.12007719242562409 0.22881586729005088
1 0.9151694402843248 0.3522110407797356 0.1183783370394302 0.20536927693097135
1 0.8373348108940256 0.4361360680052945 0.12494649960721631 0.2600931383672897
1 0.8071468202637995 0.6562803963623216 0.140416963502863 0.233621541958086
1 0.6646098623200812 0.5812298785065366 0.15011012607064966 0.2883635841125637
0 0.0989030490883647 0.5920016685197149 0.18945442720211783 0.33702834308955404
0 0.5561524677062755 0.5571605985505033 0.1596305718159236 0.31341812626704135