0 0.17416823214421498 0.14195062978308282 0.063118144417414 0.1066136143631847
0 0.46282621116517203 0.20980016335335355 0.05882152985783762 0.17377384328594586
0 0.636645506246516 0.14520691910889014 0.12983398750696812 0.2904138382177803
0 0.7361415121984443 0.09733250049097933 0.1777169756031114 0.19466500098195866
0 0.5800318918833313 0.20599338642238224 0.08566583098930565 0.22236587939029934
0 0.5161557442444634 0.17433484114464654 0.09812946955298721 0.2161886022629363
0 0.022887533275683127 0.25220739461380576 0.045775066551366254 0.12683521077238852
0 0.1471557593697739 0.21944891588743634 0.06332722267624522 0.1425511143631847
0 0.09484837080609236 0.21350344291660353 0.10570562021691718 0.17560905405833438
0 0.20729382865161466 0.22222393706287105 0.10418857201231528 0.18341246369925476
0 0.3070125484009937 0.1357091992613153 0.10109084308955411 0.18808178298109554
0 0.2921955485973854 0.2654785124930319 0.11535333098930574 0.22253859621281205
0 0.2951922418085765 0.5560762414157929 0.13109650565734077 0.24294199980360814