0 0.7282244499920458 0.05859375 0.06851473734881744 0.1140625
0 0.42984039930777385 0.18828125 0.06469994135899881 0.1890625
0 0.23245686931095558 0.16484375 0.14091809070654363 0.29375
0 0.11493356198281897 0.1265625 0.18986357336090784 0.203125
0 0.3030688139720013 0.20625 0.0949874253659985 0.240625
0 0.3668773226448192 0.1609375 0.10897720003181677 0.234375
0 0.9139068639799556 0.14765625 0.05941245735199914 0.1375
0 0.7702750426480008 0.1375 0.07054995202099903 0.1546875
0 0.8251534466502279 0.12109375 0.11628062269254436 0.190625
0 0.7060398199793191 0.15234375 0.11324652936027135 0.1984375
0 0.5841108233211368 0.08984375 0.10990335335772627 0.1796875
0 0.6225000666375013 0.21484375 0.12781810669954402 0.2421875
0 0.6680825499284124 0.52734375 0.14367946403563464 0.2625