0 0.553125 0.14696798711418468 0.065625 0.08319429508134393
1 0.7078125 0.20411793266306683 0.078125 0.1301420179539809
0 0.84296875 0.19006049872345376 0.0671875 0.11445338544042354
1 0.88046875 0.44340366734136455 0.0734375 0.15667724687674217
0 0.9375 0.4429542154477707 0.125 0.25072722872636943
0 0.81875 0.3336695981577197 0.0953125 0.1818045119038567
0 0.71953125 0.36356111035616395 0.1171875 0.19911927693097137
0 0.59765625 0.3261333123479538 0.096875 0.16150110226293632
0 0.5390625 0.2492299238824681 0.0703125 0.13322156615858277
0 0.51875 0.20536174921443312 0.065625 0.10038179508134393
0 0.47578125 0.21292426433974362 0.046875 0.0955852107723885
0 0.4328125 0.1993930294650541 0.075 0.12543633723582168
0 0.28515625 0.2047839905320302 0.075 0.11293633723582168
0 0.20390625 0.19962379185989013 0.065625 0.09881929508134393
0 0.05859375 0.20971588846548567 0.08125 0.14422269867214013