0 0.4609743823171656 0.14330211074894744 0.06611587939029935 0.08475679508134393
1 0.2972254997054124 0.19625387304558756 0.07734427088084708 0.1348204275949013
0 0.15570107503737737 0.17511869554888215 0.06631586729005097 0.11913179508134393
1 0.10880439090137257 0.439680644417414 0.07282039734428025 0.16291815651766245
0 0.05565666500367354 0.43546532220870693 0.10774990924813692 0.2584306444174139
0 0.1768907946885605 0.3260181202169172 0.09484084308955412 0.1880454215447771
0 0.2802294181269315 0.36333683391617194 0.11837833703942993 0.20536927693097135
0 0.40815897540671975 0.33048849336070063 0.09784766842151918 0.16775110226293624
0 0.4725391170936592 0.25117824326250476 0.0695499515990063 0.13789997579950314
0 0.49415504185989007 0.2067742582896194 0.06622496369925486 0.10350679508134393
0 0.5395266291939077 0.21719412870292834 0.04588519262201594 0.09870112041330899
0 0.5855476563212706 0.204962294295777 0.07575449980360816 0.1301238372358217
0 0.740298788834828 0.2167997398446592 0.07568177693097126 0.11762383723582168
0 0.8254459484757483 0.21573266441449834 0.06621587334017534 0.10194429508134392
0 0.9646175327847037 0.23529170637258429 0.05554199375348397 0.14719316256778664