1 0.3066596273472266 0.10056658479993472 0.10332608935390812 0.15215337334017515
1 0.42251134667409057 0.0536102924490653 0.10439769334818116 0.1072205848981306
0 0.6301613093570898 0.17134567564999367 0.09854768268618094 0.14431360226293632
0 0.6006016260343621 0.24964793765204624 0.128689716024817 0.183548819085449
0 0.6520919480426344 0.31029000098195864 0.16033970536281678 0.2181056262670414
0 0.35991244402449885 0.17838705777076752 0.12549199069063519 0.1772806383672898
0 0.1846931733370453 0.02694831938003663 0.09751134667409059 0.05389663876007326
0 0.14637610801240852 0.09056084660559555 0.10040108402290801 0.1693226926220159
0 0.22673631735358998 0.14790973829253504 0.14922039202736234 0.20241699375348404
0 0.11048570337363453 0.29625231040304617 0.20339990937299818 0.29335106596219107
0 0.5169255126909534 0.17591097668326597 0.22247717337681613 0.32158515027114654
0 0.9607653246737723 0.2334764743455749 0.07846935065245546 0.2692136083130605
0 0.8715533760144766 0.3840082603517326 0.2568932479710469 0.3530533188890573