1 0.7453125 0.20121110128097763 0.0734375 0.130114746876742
1 0.6515625 0.11707192973620058 0.078125 0.1270170179539809
0 0.43828125 0.2041123457218328 0.06875 0.12383747579950315
0 0.4515625 0.27997086377400954 0.0921875 0.1567863311856975
0 0.39296875 0.3257237253085239 0.1171875 0.18505677693097128
0 0.6828125 0.26178498691779295 0.090625 0.1520897408266178
0 0.87734375 0.12229173662320536 0.071875 0.11604315651766242
0 0.89296875 0.22316389021400154 0.06875 0.14883747579950315
0 0.809375 0.260177556003242 0.1078125 0.1725022347764936
0 0.89375 0.4176996853935414 0.1578125 0.2524806262670413
0 0.540625 0.2297077642415477 0.159375 0.275927216626121
0 0.0796875 0.18796360831306053 0.125 0.2366647287263694
0 0.178125 0.3502550509350765 0.1890625 0.3010999334486337