1 0.7320398194782325 0.1413395454328136 0.07250223477649378 0.10864884134309047
0 0.026012533275683127 0.28390283267027255 0.05202506655136625 0.18968066534054512
0 0.09890409085005894 0.32382894601368123 0.11510789129415604 0.18101473734881743
0 0.2073710967037914 0.21258345802831688 0.07880677693097127 0.1180965666772722
0 0.2716154038853838 0.1820788927036801 0.0993465359079618 0.15739542401336304
0 0.3940307593697739 0.22491237738699751 0.08671018052176756 0.13381247334499946
0 0.5447756479334555 0.23291687607413297 0.0710397287263694 0.12581816000954502
0 0.8650704880961435 0.10538495878417642 0.09780221662612121 0.16050224267981755
0 0.7994909398915414 0.09680884277526773 0.09933744554888228 0.15583292401336304
0 0.6758307260940908 0.1336537674251776 0.10250789734428026 0.1636817866804539
0 0.6454841750608186 0.24658957208781412 0.13566583098930565 0.22343859468490823
0 0.5916642834720749 0.23111856608049627 0.1262544695529872 0.2170795066836356
0 0.4957432502945876 0.20031291406745141 0.09472266842151918 0.16827838001272663
0 0.33218928952219906 0.24528796471195244 0.08675563231716552 0.14162497334499946
0 0.27181487090428824 0.2820879833704528 0.11499880698520064 0.16226473734881744
0 0.41216209407151283 0.46576464405631557 0.12601812021691713 0.17645450668363552
0 0.4418233647559681 0.20202940806013361 0.09306926483072289 0.15263519867918127