0 0.905817687062871 0.20859375 0.05525110226293606 0.096875
0 0.6911421087058439 0.1796875 0.09141586123992677 0.1359375
0 0.15463243696467516 0.14375 0.06627041549465287 0.1109375
0 0.9827160094679698 0.28515625 0.03231357201231546 0.1828125
0 0.05841142193756053 0.165625 0.0445135901626879 0.13125
0 0.4984319130587659 0.26953125 0.06625223477649378 0.1078125
0 0.7901148981298471 0.35625 0.12300220452587265 0.19375
0 0.4426313649523599 0.3265625 0.06327268052176756 0.1328125
0 0.2092285124930319 0.29375 0.10578743344863373 0.1890625
0 0.34771377469147613 0.39296875 0.2618293969514968 0.421875
0 0.13213877166641402 0.384375 0.16245558996629614 0.2609375
0 0.6223001633533535 0.4640625 0.16721581283893308 0.2734375
0 0.576843780250621 0.0859375 0.0473204275949012 0.0765625
0 0.8240227863989411 0.16796875 0.04732951795398108 0.078125
0 0.24405400614832007 0.08203125 0.09305108411256366 0.1484375