0 0.35014654535327183 0.14890215007475477 0.12716357869190792 0.1866647287263694
0 0.12861699069063526 0.17729881908544903 0.08288632001909005 0.14109769867214011
0 0.22121302335295362 0.1458084454506863 0.07309314934754481 0.10510565651766242
0 0.46650679467695405 0.07849017700572608 0.05730451734563573 0.09095225292686623
0 0.5404090133672712 0.2531270835233885 0.10672380935708965 0.17560905405833438
0 0.8066050833465903 0.10234233010554294 0.08764654535327168 0.147374969749379
0 0.8345953653723619 0.2923360710303566 0.13921014003818008 0.2820408612399268
0 0.9012999653484993 0.3982047968298598 0.1974000693030014 0.34022606596219107
0 0.04734026603277122 0.24166532523376913 0.09191696936663483 0.24583065046753827
0 0.24043683271004346 0.3209084394005621 0.16887945870463464 0.2806510780624395
0 0.39456180605504293 0.4077367945903646 0.2126850973901792 0.41995901775758926
0 0.6762112480505886 0.37656510440423563 0.2902112080680876 0.5032169453524904