0 0.6421062076491306 0.11284906257959493 0.11354539129415606 0.18099655601527204
0 0.8694635931877499 0.1125474285487327 0.07267495159900647 0.13833634134309047
0 0.770907918519715 0.09338035256209573 0.06465337334017515 0.10230793467536323
0 0.5144306595427246 0.057299591263548666 0.05051815046753809 0.08964430267345422
0 0.46472207191411935 0.2422654846037756 0.09161584913967821 0.17136701734563572
0 0.015444234580101893 0.23733636799809102 0.029106758780598714 0.16907726400381798
0 0.17417836426498884 0.12532562197645564 0.07739881303532484 0.1446408853437268
0 0.17296636397040127 0.3198841439767738 0.11723399355709234 0.27790791868236286
0 0.11738905054229298 0.4361636719844098 0.17848965612487894 0.33330449069063517
0 0.961178915396457 0.16460882053632417 0.07482832493918182 0.23991702267663592
0 0.7766317194547915 0.2714508085614594 0.14690331283893307 0.2751283640197263
0 0.6334953186926656 0.3785922412476403 0.18052485479701907 0.41457267202418063
0 0.3444419090517452 0.3835182879535476 0.25129187275099996 0.4935158320337257