1 0.8243965328828997 0.16484375 0.0662613251355733 0.109375
0 0.037269237605164 0.22890625 0.07301129488495221 0.1953125
0 0.12900274053203023 0.28515625 0.10263516237139489 0.184375
0 0.25807209611461623 0.17890625 0.07101245764913049 0.1203125
0 0.33058744554888214 0.1546875 0.08844539734428025 0.1625
0 0.45515617437344746 0.21484375 0.0773624515990063 0.1375
0 0.6154624152982612 0.240625 0.061701090162687856 0.13125
0 0.9531846082148647 0.14453125 0.052507897344280255 0.1625
0 0.9015130239059094 0.12578125 0.08843630698520073 0.1609375
0 0.7665067648307229 0.1515625 0.0916067587805987 0.16875
0 0.7202999062230748 0.26640625 0.12008628278470397 0.2296875
0 0.6647084363754999 0.2453125 0.11068401170746504 0.225
0 0.5660073159621911 0.2 0.08225902985783762 0.1734375
0 0.386487987605164 0.22890625 0.07740790339440444 0.1453125
0 0.31792433996629615 0.2609375 0.10721357806243947 0.165625
0 0.44650437880112415 0.4734375 0.11509880093507636 0.178125
0 0.5089487948849521 0.1953125 0.08215903590796181 0.15625