1 0.24465449072842196 0.15546875 0.06622496369925476 0.103125
0 0.9575357649289188 0.2640625 0.08492847014216238 0.18125
0 0.8697640959182245 0.30859375 0.10412493949875809 0.171875
0 0.7582175418598901 0.20390625 0.07252950585373234 0.1125
0 0.6947817557555366 0.17734375 0.08994426483072289 0.1515625
0 0.5778624213483854 0.2234375 0.07887040944452864 0.128125
0 0.43106923458010193 0.2375 0.06320904800821019 0.121875
0 0.11323177390590922 0.12578125 0.08839085518980254 0.153125
0 0.17644939139235188 0.11484375 0.09149767447164328 0.15
0 0.2985107437534841 0.146875 0.09309653590796181 0.15625
0 0.33429422852997764 0.2546875 0.12311128883482798 0.2125
0 0.3857612797596417 0.23828125 0.11370901775758924 0.2078125
0 0.47774879185989005 0.20390625 0.08374880698520074 0.1609375
0 0.6388999152982612 0.240625 0.07890677088084708 0.134375
0 0.6984703580184729 0.27421875 0.10558744554888211 0.1546875
0 0.5714180203898678 0.45859375 0.11503516842151917 0.1671875
0 0.5300879966803503 0.203125 0.08365790339440445 0.1453125