0 0.9125 0.16234001970249676 0.04375 0.09869203005422929
0 0.68203125 0.16646794173825313 0.0765625 0.1348204275949013
0 0.11171875 0.21393121067419268 0.053125 0.11124657220870696
0 0.01328125 0.25242101805217676 0.0265625 0.13765453610435346
0 0.49453125 0.29115834864869905 0.053125 0.10812157220870695
0 0.8171875 0.3352230077986401 0.1 0.19433178298109546
0 0.44609375 0.36040779751723084 0.0453125 0.13620112041330898
0 0.19453125 0.3628504997054124 0.0828125 0.19110678903121964
0 0.3578125 0.4450504422292324 0.2125 0.4231112888348282
0 0.1296875 0.47028574980360827 0.13125 0.26170109016268783
0 0.65859375 0.4757065863520589 0.134375 0.27265677088084705
0 0.5453125 0.08520378531878658 0.0390625 0.07522725897699045
0 0.81875 0.13210709815771968 0.0375 0.07834316861791084
0 0.19453125 0.13472549970541242 0.075 0.14731133723582168