1 0.8065914093463327 0.19765483010554294 0.05369769262201594 0.098746572208707
0 0.07069936114173088 0.201185770979043 0.07913402985783757 0.1738920179539809
0 0.16321865924813692 0.25875335216474044 0.08220448770335986 0.16453519867214011
0 0.2884817587805987 0.17042262607064967 0.05843064441741408 0.10658634328594588
0 0.3547880148307229 0.15362146633153342 0.07114881303532483 0.14415906615858282
0 0.4660891291939076 0.21676688182618625 0.06320904800821019 0.1222386143631847
0 0.6092578670936593 0.2519736496819713 0.04755677693097127 0.11746021077238851
0 0.9409027768327753 0.18749910098639005 0.06960449375348432 0.1472749757995032
0 0.8798471021647405 0.16683207698228497 0.07270222267624504 0.1426056565176624
0 0.754147665396457 0.18016280307637575 0.07274767447164336 0.1504181565176624
0 0.703961833916172 0.28221111640628815 0.09649424668035031 0.20367951190385672
0 0.6561737737095175 0.2592776104543598 0.0871010659621911 0.20049996974937895
0 0.5676152677575892 0.21110775516636143 0.06496244554888211 0.1550602047222643
0 0.4020766261688455 0.22498792710392196 0.06169199980360833 0.13004202400410508
0 0.3373828670936592 0.25039192720211784 0.08834540339440444 0.14582156010845856
0 0.4416759782353902 0.45177314090137255 0.09466812626704132 0.15835792154477701
0 0.5152260659621911 0.20299072813719424 0.066434041958086 0.13944429508134393